,0,1,2,3,4,5,6,7,8
0,0.8071875000000001,0.7987725,0.20590833333333336,0.37790846086956525,0.49173134210526315,0.9882202777777778,1.0,0.0,0.0
1,0.7949092,0.7872117857142857,0.23055791666666683,0.37523352173913044,0.4902857736842105,0.9885863888888888,1.0,0.0,0.0
2,0.7831889499999999,0.7760496428571428,0.2542775,0.3731317913043478,0.48907149473684214,0.9889525,1.0,0.0,0.0
3,0.77146875,0.7644889285714286,0.27799666666666667,0.37160326086956524,0.4881463289473685,0.9891966666666667,1.0,0.0,0.0
4,0.75974855,0.7521310714285715,0.30171625000000013,0.37064793043478256,0.48745245789473685,0.9892577777777777,1.0,0.0,0.0
5,0.74802835,0.7401714285714286,0.3254358333333333,0.36969259130434784,0.48698987368421054,0.9891358333333332,1.0,0.0,0.0
6,0.73240135,0.7242257142857144,0.35659666666666673,0.3681640608695652,0.48670076052631583,0.9888305555555557,1.0,0.0,0.0
7,0.7234716999999999,0.7166514285714286,0.37240958333333324,0.36720873043478264,0.4866429368421053,0.9888305555555557,1.0,0.0,0.0
8,0.7106352499999999,0.7046921428571429,0.3951991666666667,0.3662534,0.4866429368421053,0.9887694444444445,1.0,0.0,0.0
9,0.6977987999999999,0.6923339285714286,0.4170579166666668,0.3654891304347826,0.48675858421052637,0.9887694444444445,1.0,0.0,0.0
10,0.6849624000000001,0.6795771428571429,0.43845208333333324,0.36491593043478265,0.48687422894736837,0.9888305555555557,1.0,0.0,0.0
11,0.672126,0.6668207142857143,0.45938125,0.3637695304347826,0.48698987368421054,0.9888916666666666,1.0,0.0,0.0
12,0.66040575,0.6544625000000001,0.4798449999999999,0.36262313043478267,0.4870476973684211,0.9890136111111111,1.0,0.0,0.0
13,0.6492436500000001,0.6425031428571428,0.49984375,0.3616678,0.4872211657894737,0.9890747222222223,1.0,0.0,0.0
14,0.63919775,0.631341,0.5189125,0.36147673043478257,0.48756810263157896,0.9891966666666667,1.0,0.0,0.0
15,0.62970995,0.6213748571428572,0.5365858333333332,0.36147673043478257,0.488319797368421,0.989318888888889,1.0,0.0,0.0
16,0.6207803000000001,0.6126046071428571,0.55379375,0.3618588695652174,0.4896497236842105,0.9895019444444444,1.0,0.0,0.0
17,0.6135249,0.6046317142857143,0.5696070833333334,0.362241,0.49161569736842103,0.9896238888888889,1.0,0.0,0.0
18,0.60738575,0.5966587857142857,0.584955,0.3630052608695652,0.49369731578947373,0.989685,1.0,0.0,0.0
19,0.6023628000000001,0.5890845,0.5993725000000002,0.36357846086956525,0.495432,0.9900513888888889,1.0,0.0,0.0
20,0.59845605,0.5815101785714286,0.613325,0.36357846086956525,0.4964728105263158,0.9906616666666667,1.0,0.0,0.0
21,0.5951074000000001,0.5699494285714285,0.6361145833333333,0.3618588695652174,0.49710886052631575,0.9922486111111111,1.0,0.0,0.0
22,0.5951074000000001,0.5679561785714285,0.6403004166666665,0.36147673043478257,0.4972245052631579,0.9925536111111111,1.0,0.0,0.0
23,0.5945493,0.5611791785714286,0.6533229166666666,0.3607124695652174,0.4977449115789474,0.9933472222222223,1.0,0.0,0.0
24,0.5939911999999999,0.5548008571428572,0.66588,0.35975713043478263,0.49878572157894735,0.9938963888888888,1.0,0.0,0.0
25,0.5934331,0.5484225,0.6789025,0.3584196695652174,0.5003469365789474,0.9942627777777777,1.0,0.0,0.0
26,0.592875,0.5420441785714286,0.691925,0.35650899999999996,0.5021972655263158,0.9945677777777777,1.0,0.0,0.0
27,0.592875,0.5356657857142857,0.7049475,0.35402513913043476,0.5039897710526315,0.9949341666666666,1.0,0.0,0.0
28,0.5934331,0.5296861071428571,0.7175050000000001,0.35154126956521736,0.50520405,0.9954225,1.0,0.0,0.0
29,0.5939911999999999,0.5221118214285714,0.7328529166666667,0.3486752695652174,0.5061292157894737,0.9960938888888888,1.0,0.0,0.0
30,0.5939911999999999,0.518524,0.7402941666666667,0.3473378086956522,0.5063026842105263,0.9963988888888888,1.0,0.0,0.0
31,0.5939911999999999,0.51374025,0.75052625,0.3450450086956522,0.5065917973684211,0.9968261111111111,1.0,0.0,0.0
32,0.5939911999999999,0.5093551071428571,0.7607579166666666,0.34294327826086957,0.5068230868421052,0.9970702777777777,1.0,0.0,0.0
33,0.5934331,0.5053686428571428,0.7695945833333334,0.34103260869565216,0.5069387342105263,0.9972533333333334,1.0,0.0,0.0
34,0.5939911999999999,0.5009835357142858,0.77843125,0.33950407826086954,0.5069965552631579,0.9974975,1.0,0.0,0.0
35,0.5939911999999999,0.4973957142857143,0.7863379166666666,0.33835767826086954,0.5070543789473685,0.9976805555555555,1.0,0.0,0.0
36,0.5945493,0.4938078928571428,0.7937791666666666,0.33721127826086955,0.507227847368421,0.9979247222222223,1.0,0.0,0.0
37,0.59566555,0.4894227857142857,0.8026158333333333,0.3364470086956522,0.5076904289473684,0.99823,1.0,0.0,0.0
38,0.59733985,0.48663225,0.8081970833333333,0.33606487826086956,0.5081530131578947,0.9984130555555555,1.0,0.0,0.0
39,0.59957225,0.4834430714285714,0.8123829166666666,0.33587380869565214,0.5086734157894737,0.9987183333333333,1.0,0.0,0.0
40,0.6023628000000001,0.47985525,0.8165687500000001,0.335109547826087,0.509136,0.9990233333333335,1.0,0.0,0.0
41,0.6051533,0.4758687857142857,0.8202891666666666,0.333963147826087,0.5096564052631579,0.999328611111111,1.0,0.0,0.0
42,0.60850195,0.4714836785714286,0.8235449999999999,0.33243460869565217,0.5101768105263158,0.9996338888888889,1.0,0.0,0.0
43,0.6112925,0.46669992857142856,0.8268004166666666,0.3307150173913043,0.5107550368421053,0.9998780555555555,1.0,0.0,0.0
44,0.6135249,0.45992292857142864,0.83098625,0.32842221739130434,0.5112754421052632,0.00012194444444446617,1.0,0.0,0.0
45,0.614083,0.45832832142857144,0.8319166666666665,0.32804007826086956,0.5113332657894737,0.00018305555555555328,1.0,0.0,0.0
46,0.6146411,0.45394321428571427,0.8342420833333334,0.32651154782608693,0.5113910868421052,0.00030527777777780647,1.0,0.0,0.0
47,0.6146411,0.4503553928571429,0.8365675,0.3251740869565218,0.5112176184210526,0.00042722222222219366,1.0,0.0,0.0
48,0.6146411,0.4471662142857143,0.8388929166666667,0.32421874782608695,0.5108706815789473,0.0005494444444444468,1.0,0.0,0.0
49,0.6151992,0.44477432142857143,0.8407533333333332,0.3240276869565218,0.5104080999999999,0.000671388888888913,1.0,0.0,0.0
50,0.6151992,0.44317975000000004,0.8416833333333332,0.32440981739130437,0.5100033421052631,0.0009155555555555534,1.0,0.0,0.0
51,0.6163154000000001,0.44238246428571426,0.8426133333333334,0.3251740869565218,0.5096564052631579,0.0012208333333333598,1.0,0.0,0.0
52,0.61910595,0.44158517857142854,0.84307875,0.3263204782608695,0.5094251131578947,0.0016480555555555534,1.0,0.0,0.0
53,0.62022215,0.44118653571428573,0.8435437499999999,0.32708474782608693,0.5094251131578947,0.0018311111111111067,1.0,0.0,0.0
54,0.6224546,0.44078789285714287,0.8435437499999999,0.32804007826086956,0.5095407578947369,0.0019530555555555729,1.0,0.0,0.0
55,0.6235708000000001,0.4399905714285714,0.84400875,0.3289954173913044,0.5097142263157894,0.0019530555555555729,1.0,0.0,0.0
56,0.6235708000000001,0.4391932857142858,0.84400875,0.32975967826086955,0.5098298736842105,0.001892222222222194,1.0,0.0,0.0
57,0.6235708000000001,0.438396,0.84400875,0.33052394782608696,0.5099455184210526,0.0017700000000000196,1.0,0.0,0.0
58,0.6235708000000001,0.43759871428571423,0.84400875,0.3312882173913044,0.5101189868421052,0.0017088888888888536,1.0,0.0,0.0
59,0.6230127,0.43680142857142856,0.84400875,0.3318614173913043,0.5102924552631579,0.0015869444444444663,1.0,0.0,0.0
60,0.6224546,0.4356054642857143,0.8435437499999999,0.332816747826087,0.5105237447368421,0.0014647222222222132,1.0,0.0,0.0
61,0.6213384,0.43401089285714284,0.84307875,0.333963147826087,0.5109285052631579,0.001342777777777747,1.0,0.0,0.0
62,0.62022215,0.43201764285714284,0.8421483333333334,0.3356827478260869,0.5116223789473684,0.0012208333333333598,1.0,0.0,0.0
63,0.61854785,0.43002442857142853,0.8412183333333333,0.33721127826086955,0.5124897210526316,0.0010986111111111066,1.0,0.0,0.0
64,0.61743165,0.42882846428571425,0.8407533333333332,0.33854873913043476,0.5133570631578948,0.0009766666666666405,1.0,0.0,0.0
65,0.6157573000000001,0.4276325357142857,0.8402879166666667,0.33950407826086954,0.5142822263157895,0.0008544444444444662,1.0,0.0,0.0
66,0.6151992,0.42683525,0.8398229166666668,0.3404594086956522,0.515091744736842,0.0007933333333333002,1.0,0.0,0.0
67,0.6135249,0.4260379642857143,0.8388929166666667,0.3414147391304348,0.5163060236842105,0.0007325000000000001,1.0,0.0,0.0
68,0.6129668,0.4256392857142857,0.8388929166666667,0.3417968782608696,0.5165373157894737,0.0007325000000000001,1.0,0.0,0.0
69,0.6124087,0.42524064285714286,0.8384275,0.3425611391304348,0.5174046578947368,0.000671388888888913,1.0,0.0,0.0
70,0.6118506,0.424842,0.8384275,0.34332540869565215,0.5180407078947369,0.0006102777777777469,1.0,0.0,0.0
71,0.6112925,0.424842,0.8379625,0.3438986086956522,0.5187345815789474,0.0004883333333333597,1.0,0.0,0.0
72,0.61017625,0.42444335714285714,0.8374975,0.3444718086956522,0.5194284552631578,0.00036611111111110655,1.0,0.0,0.0
73,0.60906005,0.4240447142857143,0.8370325,0.3450450086956522,0.520064505263158,0.0002441666666666404,1.0,0.0,0.0
74,0.6079438500000001,0.4236460714285714,0.8365675,0.3456182086956522,0.5207005552631578,6.111111111116606e-05,1.0,0.0,0.0
75,0.60626955,0.42324742857142855,0.8361025,0.3461914086956522,0.521336605263158,0.9998780555555555,1.0,0.0,0.0
76,0.6045952,0.42284878571428575,0.8356370833333333,0.3465735391304348,0.5219148342105263,0.9997558333333334,1.0,0.0,0.0
77,0.6023628000000001,0.4224501428571429,0.8351720833333333,0.3465735391304348,0.5224352394736842,0.9996338888888889,1.0,0.0,0.0
78,0.6006885000000001,0.42205146428571433,0.8342420833333334,0.3467646086956522,0.5227821763157895,0.9994505555555555,1.0,0.0,0.0
79,0.59845605,0.4216528214285714,0.8337766666666666,0.34714673913043476,0.5231291131578948,0.9992066666666667,1.0,0.0,0.0
80,0.59566555,0.4216528214285714,0.8328466666666667,0.34771993913043475,0.523476047368421,0.998901388888889,1.0,0.0,0.0
81,0.5923168999999999,0.4216528214285714,0.8319166666666665,0.3481020695652174,0.5238229842105263,0.9985352777777778,1.0,0.0,0.0
82,0.5878520500000001,0.42205146428571433,0.83098625,0.3484842086956522,0.5241121,0.9979858333333333,1.0,0.0,0.0
83,0.58561965,0.4224501428571429,0.83052125,0.3486752695652174,0.5242277447368421,0.9976805555555555,1.0,0.0,0.0
84,0.582271,0.42284878571428575,0.83005625,0.34905740869565216,0.5243433894736842,0.997131388888889,1.0,0.0,0.0
85,0.57836425,0.42324742857142855,0.8295908333333334,0.3494395391304348,0.5244590368421053,0.9965819444444445,1.0,0.0,0.0
86,0.5733412999999999,0.42444335714285714,0.8291258333333333,0.3498216695652174,0.5244590368421053,0.9960327777777778,1.0,0.0,0.0
87,0.56831835,0.42524064285714286,0.8291258333333333,0.3496306086956522,0.5244012131578947,0.9954833333333334,1.0,0.0,0.0
88,0.5632954,0.42683525,0.8291258333333333,0.3494395391304348,0.5241699210526316,0.9949341666666666,1.0,0.0,0.0
89,0.55715625,0.4284298214285714,0.8295908333333334,0.3488663391304348,0.5237651631578948,0.9943236111111111,1.0,0.0,0.0
90,0.5510170999999999,0.43002442857142853,0.83005625,0.3482931391304348,0.5230712894736842,0.9937744444444445,1.0,0.0,0.0
91,0.54431985,0.43201764285714284,0.83098625,0.3475288695652174,0.5220883026315789,0.9932249999999999,1.0,0.0,0.0
92,0.53706445,0.4336122142857142,0.8319166666666665,0.3461914086956522,0.520931847368421,0.9927977777777778,1.0,0.0,0.0
93,0.5303671999999999,0.4356054642857143,0.8333116666666666,0.34466286956521736,0.5196597447368422,0.9924927777777779,1.0,0.0,0.0
94,0.524228,0.43680142857142856,0.8351720833333333,0.3427522086956522,0.518271997368421,0.9923705555555555,1.0,0.0,0.0
95,0.51864695,0.438396,0.8370325,0.3406504782608696,0.5167686052631579,0.9923705555555555,1.0,0.0,0.0
96,0.513624,0.4395919285714286,0.8388929166666667,0.33835767826086954,0.515091744736842,0.9925536111111111,1.0,0.0,0.0
97,0.5097172999999999,0.44078789285714287,0.8407533333333332,0.33606487826086956,0.5134148842105263,0.9927369444444445,1.0,0.0,0.0
98,0.50636865,0.44158517857142854,0.8426133333333334,0.333963147826087,0.5118536710526316,0.9929808333333333,1.0,0.0,0.0
99,0.50413625,0.44238246428571426,0.84400875,0.33224354782608695,0.5105815684210526,0.9932249999999999,1.0,0.0,0.0
100,0.50302,0.44317975000000004,0.8454041666666666,0.3307150173913043,0.5094829368421053,0.9934691666666667,1.0,0.0,0.0
101,0.5019038,0.44357839285714284,0.8472641666666667,0.32918647826086955,0.5084999473684211,0.9936522222222222,1.0,0.0,0.0
102,0.5019038,0.44437571428571426,0.8481945833333334,0.32804007826086956,0.507748252631579,0.9937744444444445,1.0,0.0,0.0
103,0.5019038,0.44477432142857143,0.8486595833333332,0.32727581739130435,0.5072856710526316,0.9938963888888888,1.0,0.0,0.0
104,0.5019038,0.44557164285714285,0.8495900000000001,0.32612941739130435,0.5064183289473684,0.9940186111111111,1.0,0.0,0.0
105,0.5019038,0.4471662142857143,0.8519154166666668,0.3240276869565218,0.5045101763157894,0.9942627777777777,1.0,0.0,0.0
106,0.5019038,0.4479635,0.8533104166666666,0.3226902173913043,0.5033537210526317,0.9943847222222222,1.0,0.0,0.0
107,0.5019038,0.44995675,0.8551708333333333,0.320779547826087,0.5016190378947368,0.9945069444444445,1.0,0.0,0.0
108,0.5013457,0.45155132142857146,0.85703125,0.31905995652173913,0.49988435444736845,0.9946288888888889,1.0,0.0,0.0
109,0.5013457,0.4531459285714286,0.8593566666666667,0.3171492869565217,0.4982074939473684,0.9946288888888889,1.0,0.0,0.0
110,0.5013457,0.45474050000000005,0.8616820833333333,0.31542968695652174,0.4964149868421053,0.9945677777777777,1.0,0.0,0.0
111,0.5013457,0.45633510714285713,0.8635425,0.31351902608695653,0.49456465789473686,0.9945069444444445,1.0,0.0,0.0
112,0.5013457,0.4575310357142857,0.8663329166666666,0.31122622260869565,0.492772152631579,0.9943236111111111,1.0,0.0,0.0
113,0.5019038,0.4595242857142857,0.86958875,0.30778702434782607,0.49040141842105267,0.9939575,1.0,0.0,0.0
114,0.5019038,0.46032157142857144,0.8709837500000001,0.30606742521739133,0.48930278684210526,0.9937744444444445,1.0,0.0,0.0
115,0.5024618999999999,0.46191614285714283,0.8733091666666667,0.30339249304347826,0.48774157105263155,0.9934691666666667,1.0,0.0,0.0
116,0.50302,0.4631121071428571,0.8751695833333334,0.3007175608695652,0.48635382368421054,0.9931641666666665,1.0,0.0,0.0
117,0.50357815,0.4643080357142857,0.87703,0.2980426286956522,0.48502389999999995,0.9929808333333333,1.0,0.0,0.0
118,0.50413625,0.46590260714285714,0.8793554166666667,0.2953676956521739,0.4838674447368421,0.9927977777777778,1.0,0.0,0.0
119,0.5046943500000001,0.4670985714285714,0.8812158333333332,0.2926927652173913,0.48288445789473683,0.9926147222222222,1.0,0.0,0.0
120,0.50636865,0.4686931428571429,0.8844712499999999,0.2884893043478261,0.48149671052631576,0.9924316666666666,1.0,0.0,0.0
121,0.50636865,0.4690917857142857,0.8849366666666666,0.28772503478260875,0.4812654184210526,0.9924316666666666,1.0,0.0,0.0
122,0.5069267500000001,0.4698891071428571,0.8867966666666667,0.2852411652173913,0.4805715447368421,0.9923094444444445,1.0,0.0,0.0
123,0.50748485,0.47068639285714287,0.8886570833333334,0.2823751739130435,0.4799354947368421,0.9923094444444445,1.0,0.0,0.0
124,0.50804295,0.4718823214285714,0.8900525,0.2797002347826087,0.4791838,0.9923094444444445,1.0,0.0,0.0
125,0.5091592,0.47307828571428573,0.8919129166666667,0.2770253043478261,0.4783742815789474,0.9924927777777779,1.0,0.0,0.0
126,0.5097172999999999,0.4742742142857143,0.8933079166666666,0.27435037391304345,0.4774491157894737,0.9927369444444445,1.0,0.0,0.0
127,0.5108335,0.4750715,0.8951683333333333,0.2712933043478261,0.47658177368421056,0.9929808333333333,1.0,0.0,0.0
128,0.5113916,0.4766661071428572,0.8974937500000001,0.26728091304347823,0.4757144315789473,0.9931641666666665,1.0,0.0,0.0
129,0.5125078000000001,0.47746339285714284,0.8984241666666666,0.2653702434782609,0.4753674947368421,0.9932249999999999,1.0,0.0,0.0
130,0.513624,0.47826067857142857,0.9002845833333333,0.2630774434782609,0.47502055789473685,0.9933472222222223,1.0,0.0,0.0
131,0.51474025,0.47905796428571434,0.9016795833333333,0.2609757130434783,0.47478926842105257,0.9934691666666667,1.0,0.0,0.0
132,0.51585645,0.4802538928571428,0.90354,0.25906504347826087,0.4745579763157895,0.9935913888888889,1.0,0.0,0.0
133,0.5175307499999999,0.48144985714285715,0.9054004166666667,0.25753651304347824,0.47432668684210527,0.9937744444444445,1.0,0.0,0.0
134,0.5192051,0.4822471428571428,0.9072608333333334,0.25619905217391303,0.4741532184210526,0.9939575,1.0,0.0,0.0
135,0.5208794,0.4834430714285714,0.90912125,0.2548615826086957,0.4740953947368421,0.9940797222222222,1.0,0.0,0.0
136,0.5231118,0.4842403928571429,0.91098125,0.25390625217391305,0.4741532184210526,0.9942016666666667,1.0,0.0,0.0
137,0.52478615,0.4854363214285714,0.9133066666666667,0.2529509130434783,0.4742110394736842,0.9942627777777777,1.0,0.0,0.0
138,0.52701855,0.4862336071428571,0.9147020833333334,0.25218665217391306,0.47426886315789474,0.9943236111111111,1.0,0.0,0.0
139,0.529251,0.48663225,0.9165625,0.25161345217391307,0.47432668684210527,0.9943847222222222,1.0,0.0,0.0
140,0.5314834,0.48742953571428566,0.9184229166666666,0.25123132173913043,0.47450015526315786,0.9943847222222222,1.0,0.0,0.0
141,0.5337158,0.48742953571428566,0.9198179166666667,0.251040252173913,0.47473144473684215,0.9943847222222222,1.0,0.0,0.0
142,0.53539015,0.4878281785714286,0.9207483333333334,0.25084918260869565,0.47502055789473685,0.9943236111111111,1.0,0.0,0.0
143,0.5381806499999999,0.48822685714285713,0.9221433333333332,0.25084918260869565,0.4753096736842105,0.9943847222222222,1.0,0.0,0.0
144,0.5392969,0.4886255,0.9226087500000001,0.251040252173913,0.4754253184210526,0.9944458333333333,1.0,0.0,0.0
145,0.5415293,0.4886255,0.92307375,0.251040252173913,0.47559878684210527,0.9945677777777777,1.0,0.0,0.0
146,0.5437617,0.48902414285714285,0.92353875,0.25142238260869565,0.4758300789473684,0.9946288888888889,1.0,0.0,0.0
147,0.54543605,0.48902414285714285,0.9240037499999999,0.2518045217391304,0.47600354736842104,0.9947511111111111,1.0,0.0,0.0
148,0.54766845,0.4894227857142857,0.9244691666666668,0.25199558260869565,0.4762348368421052,0.9948730555555556,1.0,0.0,0.0
149,0.5499009,0.4894227857142857,0.9249341666666667,0.2523777130434783,0.4764083052631579,0.9949950000000001,1.0,0.0,0.0
150,0.5526913999999999,0.4898214285714286,0.9253991666666667,0.25275985217391306,0.47658177368421056,0.9951783333333333,1.0,0.0,0.0
151,0.55604005,0.49022007142857144,0.9258641666666666,0.25333305217391305,0.47675524210526316,0.9955444444444443,1.0,0.0,0.0
152,0.5605049,0.4906187142857143,0.9263291666666666,0.25371518260869563,0.4768130657894737,0.9960327777777778,1.0,0.0,0.0
153,0.5655278499999999,0.4910173928571429,0.9272595833333334,0.25409731304347827,0.4768130657894737,0.9968261111111111,1.0,0.0,0.0
154,0.571667,0.4918146785714286,0.9286545833333334,0.25447945217391305,0.47675524210526316,0.9977416666666667,1.0,0.0,0.0
155,0.57892235,0.4918146785714286,0.929585,0.25467051304347826,0.4766974210526315,0.9985961111111111,1.0,0.0,0.0
156,0.58561965,0.49221332142857144,0.93098,0.2548615826086957,0.476523952631579,0.999328611111111,1.0,0.0,0.0
157,0.5917588,0.49261196428571424,0.9319104166666666,0.25505265217391304,0.47629266052631575,6.111111111116606e-05,1.0,0.0,0.0
158,0.6012466,0.49340925,0.9333058333333333,0.25524371304347826,0.4759457236842105,0.0010986111111111066,1.0,0.0,0.0
159,0.6029209,0.49340925,0.9333058333333333,0.25505265217391304,0.4758879,0.0012208333333333598,1.0,0.0,0.0
160,0.6079438500000001,0.4938078928571428,0.9337708333333333,0.25505265217391304,0.47577225526315786,0.0016480555555555534,1.0,0.0,0.0
161,0.6129668,0.4942065357142857,0.9342358333333333,0.2548615826086957,0.47559878684210527,0.002075277777777747,1.0,0.0,0.0
162,0.61743165,0.4942065357142857,0.9347008333333333,0.25467051304347826,0.4754253184210526,0.0024413888888888536,1.0,0.0,0.0
163,0.6213384,0.4946051785714286,0.9347008333333333,0.25467051304347826,0.47525185000000003,0.0028686111111111265,1.0,0.0,0.0
164,0.6258032,0.4946051785714286,0.9347008333333333,0.2548615826086957,0.4751362052631579,0.00329583333333332,1.0,0.0,0.0
165,0.62970995,0.4946051785714286,0.9342358333333333,0.25505265217391304,0.47502055789473685,0.0036622222222222134,1.0,0.0,0.0
166,0.6352909999999999,0.4942065357142857,0.9333058333333333,0.25581691304347826,0.4748470921052631,0.004211388888888874,1.0,0.0,0.0
167,0.63808155,0.4938078928571428,0.9328404166666667,0.25619905217391303,0.47478926842105257,0.004455555555555593,1.0,0.0,0.0
168,0.6419883000000001,0.49340925,0.9319104166666666,0.25677225217391303,0.47467362368421057,0.0048216666666667,1.0,0.0,0.0
169,0.6453369,0.49301060714285716,0.9305150000000001,0.25715438260869566,0.47450015526315786,0.005126944444444427,1.0,0.0,0.0
170,0.64980175,0.49261196428571424,0.9291200000000001,0.25772758260869566,0.4743845078947368,0.005554166666666699,1.0,0.0,0.0
171,0.6542666,0.4918146785714286,0.9277245833333333,0.2584918434782609,0.4742110394736842,0.00604249999999998,1.0,0.0,0.0
172,0.65928955,0.491416,0.9258641666666666,0.2592561130434783,0.4740953947368421,0.006652777777777806,1.0,0.0,0.0
173,0.6648706000000001,0.4906187142857143,0.9240037499999999,0.26021144347826086,0.47392192631578944,0.0073852777777778066,1.0,0.0,0.0
174,0.672126,0.4898214285714286,0.9212133333333333,0.26154891304347827,0.4738062815789474,0.008483888888888912,1.0,0.0,0.0
175,0.67826515,0.48902414285714285,0.9193529166666666,0.26269531304347826,0.4738062815789474,0.009399444444444467,1.0,0.0,0.0
176,0.6844043,0.48822685714285713,0.9170275,0.2640327826086956,0.47392192631578944,0.01031500000000002,1.0,0.0,0.0
177,0.6899853499999999,0.48703089285714285,0.9147020833333334,0.26556131304347824,0.4741532184210526,0.011108333333333399,1.0,0.0,0.0
178,0.6950083,0.4854363214285714,0.9123766666666667,0.26728091304347823,0.47444233157894733,0.011779722222222233,1.0,0.0,0.0
179,0.69891505,0.48384171428571426,0.91005125,0.2690005130434783,0.47478926842105257,0.012146111111111127,1.0,0.0,0.0
180,0.70226365,0.4822471428571428,0.9081908333333333,0.2707201043478261,0.4751362052631579,0.01232916666666668,1.0,0.0,0.0
181,0.7056123,0.4802538928571428,0.9054004166666667,0.2733950434782609,0.4756566105263158,0.0126341666666667,1.0,0.0,0.0
182,0.7072866,0.47945660714285715,0.9040050000000001,0.27492357391304345,0.4759457236842105,0.012817499999999961,1.0,0.0,0.0
183,0.7095190499999999,0.477862,0.9016795833333333,0.2770253043478261,0.4764083052631579,0.013305555555555534,1.0,0.0,0.0
184,0.7117514500000001,0.47626742857142856,0.8993541666666666,0.2789359739130435,0.4769287105263158,0.013793888888888894,1.0,0.0,0.0
185,0.7139839,0.4746728571428571,0.89702875,0.2812287739130435,0.47756476052631575,0.014282222222222253,1.0,0.0,0.0
186,0.7162162999999999,0.47267960714285717,0.8947033333333333,0.2835215652173913,0.4783742815789474,0.01458749999999998,1.0,0.0,0.0
187,0.7178905999999999,0.47068639285714287,0.8923779166666668,0.2858143652173913,0.4792994447368421,0.0148316666666667,1.0,0.0,0.0
188,0.71956495,0.4686931428571429,0.8900525,0.2882982347826087,0.4803402552631579,0.015014722222222252,1.0,0.0,0.0
189,0.72123925,0.46669992857142856,0.8877270833333334,0.29059103478260867,0.48143888684210523,0.015197777777777807,1.0,0.0,0.0
190,0.72235545,0.46470667857142856,0.8854016666666666,0.29250169565217393,0.48236405263157894,0.015319722222222193,1.0,0.0,0.0
191,0.7234716999999999,0.46231482142857144,0.8830762499999999,0.29422129565217386,0.483115747368421,0.015563888888888834,1.0,0.0,0.0
192,0.7245879000000001,0.45992292857142864,0.8802858333333333,0.2953676956521739,0.4836939763157895,0.015808055555555554,1.0,0.0,0.0
193,0.7257041,0.4575310357142857,0.877495,0.2961319634782609,0.48409873684210525,0.01611333333333336,1.0,0.0,0.0
194,0.7273784,0.45513914285714285,0.8747045833333335,0.2968962295652174,0.4845034947368421,0.0163575,1.0,0.0,0.0
195,0.7284946,0.4527472857142857,0.8719141666666667,0.2976604956521739,0.48502389999999995,0.01666250000000002,1.0,0.0,0.0
196,0.7307270499999999,0.44915946428571424,0.8681933333333333,0.2995711617391304,0.4860647105263158,0.01696777777777775,1.0,0.0,0.0
197,0.7318432500000001,0.4475648571428571,0.8663329166666666,0.3007175608695652,0.4866429368421053,0.017089722222222214,1.0,0.0,0.0
198,0.73295945,0.44477432142857143,0.8640074999999999,0.30243716,0.4876259263157895,0.017333888888888854,1.0,0.0,0.0
199,0.7335176,0.44238246428571426,0.8616820833333333,0.3041567594782608,0.4886089131578948,0.017578055555555572,1.0,0.0,0.0
200,0.7340757,0.4399905714285714,0.8588916666666666,0.30587635913043476,0.4896497236842105,0.017822222222222215,1.0,0.0,0.0
201,0.7351919,0.4372000357142857,0.8565662500000001,0.30778702434782607,0.49092182368421056,0.018066388888888854,1.0,0.0,0.0
202,0.73575,0.43401089285714284,0.8537758333333333,0.3100798234782609,0.4924830394736842,0.018310555555555573,1.0,0.0,0.0
203,0.7363081,0.4308217142857143,0.850985,0.31256368869565215,0.49444901315789475,0.018554722222222212,1.0,0.0,0.0
204,0.7368662,0.4272338928571428,0.8477295833333334,0.31542968695652174,0.4969932157894737,0.018798888888888855,1.0,0.0,0.0
205,0.7374243500000001,0.4236460714285714,0.8449391666666667,0.3186778173913043,0.5001734683421052,0.01910388888888887,1.0,0.0,0.0
206,0.7379824,0.41965960714285716,0.8416833333333332,0.32230808695652174,0.5036428342105264,0.01940916666666668,1.0,0.0,0.0
207,0.7379824,0.41527450000000005,0.8388929166666667,0.32612941739130435,0.5074013157894737,0.019714444444444406,1.0,0.0,0.0
208,0.7374243500000001,0.411288,0.8356370833333333,0.32995074782608697,0.5112176184210526,0.0201416666666666,1.0,0.0,0.0
209,0.73575,0.4077002142857143,0.8328466666666667,0.33300780869565216,0.5150339236842105,0.020568888888888873,1.0,0.0,0.0
210,0.7346338,0.40411235714285715,0.83005625,0.3356827478260869,0.5186767578947369,0.021057222222222234,1.0,0.0,0.0
211,0.73295945,0.40052457142857145,0.8272658333333333,0.3375934086956522,0.5220883026315789,0.021484444444444428,1.0,0.0,0.0
212,0.7312851499999999,0.39653807142857145,0.8249400000000001,0.3389308782608696,0.5251529078947369,0.021972777777777786,1.0,0.0,0.0
213,0.7290527499999999,0.39295025,0.8221495833333333,0.33950407826086954,0.5278705789473684,0.02246083333333336,1.0,0.0,0.0
214,0.7268203,0.38976110714285717,0.8198241666666667,0.3393130086956521,0.5302413157894738,0.023010277777777807,1.0,0.0,0.0
215,0.7240298000000001,0.3865719285714286,0.81749875,0.33835767826086954,0.5323807631578947,0.023559444444444466,1.0,0.0,0.0
216,0.72123925,0.38298410714285713,0.8151733333333334,0.33702020869565213,0.5344623684210527,0.024108888888888912,1.0,0.0,0.0
217,0.71844875,0.37979492857142855,0.8128479166666667,0.3354916782608695,0.5364861842105264,0.02465833333333336,1.0,0.0,0.0
218,0.7151001,0.37660575,0.8109875,0.3337720782608696,0.5385099736842105,0.025146388888888854,1.0,0.0,0.0
219,0.7106352499999999,0.3722206428571428,0.8086620833333332,0.33090607826086954,0.5411119999999999,0.025756944444444468,1.0,0.0,0.0
220,0.7084028,0.37022739285714285,0.8077320833333334,0.32956861739130433,0.542384105263158,0.02606194444444441,1.0,0.0,0.0
221,0.7050542,0.3670382142857143,0.8063366666666666,0.32727581739130435,0.5441766052631579,0.026489166666666678,1.0,0.0,0.0
222,0.70170555,0.3642477142857143,0.8054066666666667,0.3251740869565218,0.5458534736842106,0.02697750000000004,1.0,0.0,0.0
223,0.69835695,0.36145717857142856,0.80401125,0.32307234782608696,0.5474725,0.027404722222222233,1.0,0.0,0.0
224,0.6944502,0.3590652857142857,0.8030808333333334,0.32097061739130434,0.548975894736842,0.027831944444444427,1.0,0.0,0.0
225,0.69110155,0.35667342857142853,0.8021508333333335,0.31905995652173913,0.5504214736842105,0.028076111111111145,1.0,0.0,0.0
226,0.6877529499999999,0.3542815357142857,0.8007554166666666,0.3175314173913043,0.5519248684210526,0.028320277777777788,1.0,0.0,0.0
227,0.6816138,0.3502950714285714,0.7988954166666667,0.31562075652173915,0.5545847105263157,0.02874749999999998,1.0,0.0,0.0
228,0.6777070500000001,0.34790317857142855,0.797965,0.3146654173913044,0.5563193947368421,0.028930555555555532,1.0,0.0,0.0
229,0.6765907999999999,0.3471058928571429,0.797965,0.3146654173913044,0.5569554473684211,0.0289916666666667,1.0,0.0,0.0
230,0.672126,0.344714,0.797035,0.31409221739130433,0.5590370526315789,0.029113888888888873,1.0,0.0,0.0
231,0.6682192499999999,0.3427207857142857,0.79657,0.31409221739130433,0.5612343157894737,0.02923583333333334,1.0,0.0,0.0
232,0.6643125,0.3407275357142857,0.7961045833333333,0.3139011565217391,0.5633737631578948,0.029479999999999982,1.0,0.0,0.0
233,0.66040575,0.3387342857142857,0.7956395833333333,0.31409221739130433,0.5654553947368421,0.0297241666666667,1.0,0.0,0.0
234,0.6564990500000001,0.3375383571428571,0.7956395833333333,0.31409221739130433,0.5674213684210526,0.02990722222222225,1.0,0.0,0.0
235,0.6531504,0.3359437857142857,0.7951745833333334,0.31428328695652175,0.5693873421052631,0.030090277777777806,1.0,0.0,0.0
236,0.65035985,0.33474782142857146,0.7947095833333333,0.3146654173913044,0.5712955,0.030090277777777806,1.0,0.0,0.0
237,0.64756935,0.3335518928571429,0.7947095833333333,0.3150475565217391,0.5732036315789474,0.030090277777777806,1.0,0.0,0.0
238,0.6442207,0.33275460714285715,0.7942441666666666,0.3152386173913043,0.5750539736842105,0.03002916666666664,1.0,0.0,0.0
239,0.64087205,0.33155867857142857,0.7933141666666667,0.31542968695652174,0.5767886578947369,0.02990722222222225,1.0,0.0,0.0
240,0.63696535,0.3307613571428571,0.7923841666666668,0.31562075652173915,0.5785811578947369,0.029601944444444448,1.0,0.0,0.0
241,0.6319424,0.3299640714285714,0.7909887499999999,0.31619395652173915,0.5803736578947368,0.029052777777777785,1.0,0.0,0.0
242,0.6235708000000001,0.3283695,0.7895933333333334,0.31734035652173914,0.5826287631578948,0.028198333333333322,1.0,0.0,0.0
243,0.61854785,0.3275722142857143,0.7891283333333333,0.31791355652173914,0.5836695526315789,0.027587777777777787,1.0,0.0,0.0
244,0.6112925,0.32677489285714284,0.7881983333333333,0.3188688869565217,0.5850573157894736,0.026794444444444405,1.0,0.0,0.0
245,0.603479,0.32637625000000003,0.7877333333333333,0.31982421739130434,0.5862137631578948,0.02594000000000002,1.0,0.0,0.0
246,0.59622365,0.32637625000000003,0.7877333333333333,0.32058848695652176,0.5869654736842105,0.025207500000000018,1.0,0.0,0.0
247,0.5895263500000001,0.32637625000000003,0.7877333333333333,0.32154381739130433,0.5873702105263158,0.024597222222222194,1.0,0.0,0.0
248,0.5839453,0.32677489285714284,0.7881983333333333,0.32230808695652174,0.5875436842105263,0.024108888888888912,1.0,0.0,0.0
249,0.5794804499999999,0.3271735357142857,0.7886633333333334,0.32307234782608696,0.5874858684210527,0.023742777777777807,1.0,0.0,0.0
250,0.57557375,0.3279708571428572,0.7886633333333334,0.3240276869565218,0.5872545789473684,0.0234375,1.0,0.0,0.0
251,0.5733412999999999,0.3283695,0.7886633333333334,0.32536514782608694,0.5869076315789473,0.023071388888888895,1.0,0.0,0.0
252,0.5711088999999999,0.32916678571428576,0.7886633333333334,0.32670261739130435,0.5862715789473684,0.022827222222222252,1.0,0.0,0.0
253,0.56999265,0.3303627142857143,0.7886633333333334,0.32804007826086956,0.5855198947368421,0.022521944444444445,1.0,0.0,0.0
254,0.56887645,0.33116,0.7886633333333334,0.3293775478260869,0.5847681842105262,0.02221666666666664,1.0,0.0,0.0
255,0.56776025,0.33195732142857143,0.7881983333333333,0.33090607826086954,0.5841899736842106,0.0219116666666667,1.0,0.0,0.0
256,0.5666440500000001,0.33315325,0.7881983333333333,0.3326256782608696,0.5838430263157895,0.021545277777777806,1.0,0.0,0.0
257,0.5621792,0.3351465,0.7881983333333333,0.33587380869565214,0.5838430263157895,0.02062999999999996,1.0,0.0,0.0
258,0.5610630000000001,0.3359437857142857,0.7881983333333333,0.33682914782608697,0.5839008421052632,0.0204466666666667,1.0,0.0,0.0
259,0.55659815,0.33713971428571426,0.7881983333333333,0.3391219391304348,0.5840743157894737,0.019775277777777787,1.0,0.0,0.0
260,0.5521333,0.33913296428571427,0.7886633333333334,0.3412236782608696,0.5841321315789474,0.01910388888888887,1.0,0.0,0.0
261,0.54711035,0.3407275357142857,0.7891283333333333,0.34294327826086957,0.5839586842105263,0.01843250000000004,1.0,0.0,0.0
262,0.5415293,0.34232214285714285,0.7895933333333334,0.34466286956521736,0.5836117368421052,0.017822222222222215,1.0,0.0,0.0
263,0.53706445,0.3439167142857143,0.7905237500000001,0.34580926956521735,0.5832069736842105,0.017333888888888854,1.0,0.0,0.0
264,0.5325996,0.3451126428571429,0.79145375,0.3463824695652174,0.5827443947368421,0.017089722222222214,1.0,0.0,0.0
265,0.5298091,0.3471058928571429,0.7928491666666666,0.3465735391304348,0.5821661578947368,0.01696777777777775,1.0,0.0,0.0
266,0.52869285,0.34790317857142855,0.7937791666666666,0.3465735391304348,0.5819348684210526,0.017028888888888913,1.0,0.0,0.0
267,0.52757665,0.3487004642857143,0.7942441666666666,0.3463824695652174,0.5815879473684211,0.017089722222222214,1.0,0.0,0.0
268,0.52701855,0.3498964285714286,0.7942441666666666,0.3463824695652174,0.5812988157894737,0.0171508333333333,1.0,0.0,0.0
269,0.52646045,0.3506937142857143,0.7947095833333333,0.3463824695652174,0.5809518947368421,0.017211944444444467,1.0,0.0,0.0
270,0.52590235,0.35149099999999994,0.7947095833333333,0.3465735391304348,0.5805471315789473,0.017211944444444467,1.0,0.0,0.0
271,0.52478615,0.3526869285714286,0.7947095833333333,0.3467646086956522,0.5800267368421053,0.017211944444444467,1.0,0.0,0.0
272,0.5231118,0.35348425,0.7942441666666666,0.3475288695652174,0.5793328421052631,0.017089722222222214,1.0,0.0,0.0
273,0.5208794,0.35507882142857145,0.7937791666666666,0.3488663391304348,0.5781763947368421,0.01684583333333336,1.0,0.0,0.0
274,0.51697265,0.35707207142857145,0.7937791666666666,0.35039486956521737,0.5764417105263158,0.0164183333333333,1.0,0.0,0.0
275,0.5113916,0.3602612142857143,0.7933141666666667,0.3521144695652174,0.5743022631578947,0.01586916666666664,1.0,0.0,0.0
276,0.50525245,0.36305175,0.7933141666666667,0.35383406956521735,0.572105,0.01513666666666664,1.0,0.0,0.0
277,0.498555175,0.3662409285714286,0.7933141666666667,0.3553626,0.5699655526315789,0.01434333333333334,1.0,0.0,0.0
278,0.491299805,0.3686328214285714,0.7942441666666666,0.35631793913043475,0.5678839473684211,0.01361083333333334,1.0,0.0,0.0
279,0.48404443500000005,0.37102467857142857,0.7956395833333333,0.35631793913043475,0.5658601578947369,0.01312249999999998,1.0,0.0,0.0
280,0.477905275,0.37261928571428576,0.7984300000000001,0.35517153913043475,0.5635472368421053,0.012756388888888874,1.0,0.0,0.0
281,0.47623096,0.37301792857142857,0.7993604166666667,0.3542162,0.5625642368421052,0.012939444444444427,1.0,0.0,0.0
282,0.47455664,0.37421385714285715,0.8012208333333333,0.35287873913043477,0.5613499736842106,0.013061388888888893,1.0,0.0,0.0
283,0.47399853500000005,0.37501117857142857,0.8021508333333335,0.3517323391304348,0.5603091578947369,0.013244722222222234,1.0,0.0,0.0
284,0.47344042999999997,0.37620710714285716,0.8030808333333334,0.3505859391304348,0.5592105263157895,0.013427777777777787,1.0,0.0,0.0
285,0.47344042999999997,0.3778016785714286,0.80354625,0.3494395391304348,0.5579384210526316,0.013732777777777806,1.0,0.0,0.0
286,0.47288232499999994,0.3789976428571428,0.80447625,0.3481020695652174,0.5563193947368421,0.014038055555555533,1.0,0.0,0.0
287,0.47232421999999996,0.3801935714285714,0.80494125,0.3467646086956522,0.5544112368421052,0.01434333333333334,1.0,0.0,0.0
288,0.471766115,0.3813895,0.8058716666666667,0.34542713913043477,0.5525030789473684,0.014648333333333359,1.0,0.0,0.0
289,0.470649905,0.3825854642857143,0.8058716666666667,0.3444718086956522,0.5508262105263159,0.0148316666666667,1.0,0.0,0.0
290,0.46953369,0.3841800357142858,0.8063366666666666,0.34351647826086956,0.5491493684210527,0.015014722222222252,1.0,0.0,0.0
291,0.46897558500000003,0.3853759642857143,0.8063366666666666,0.3425611391304348,0.5475303157894736,0.015075555555555554,1.0,0.0,0.0
292,0.46897558500000003,0.3861732857142857,0.8068016666666668,0.3414147391304348,0.5456799999999999,0.01513666666666664,1.0,0.0,0.0
293,0.46841748,0.38736921428571425,0.8068016666666668,0.3404594086956522,0.5437718421052631,0.015197777777777807,1.0,0.0,0.0
294,0.467859375,0.3881665,0.8068016666666668,0.33969513913043475,0.5418636842105263,0.015319722222222193,1.0,0.0,0.0
295,0.46618506000000004,0.39055839285714283,0.8072666666666667,0.33835767826086954,0.5387990789473684,0.015319722222222193,1.0,0.0,0.0
296,0.46618506000000004,0.3913556785714286,0.8072666666666667,0.3381666086956521,0.5382208684210527,0.015258888888888893,1.0,0.0,0.0
297,0.46506884499999995,0.39295025,0.8077320833333334,0.33740234782608697,0.5364861842105264,0.015197777777777807,1.0,0.0,0.0
298,0.46339452999999997,0.3949435,0.8081970833333333,0.33682914782608697,0.5348093157894737,0.015014722222222252,1.0,0.0,0.0
299,0.461720215,0.39733539285714287,0.8091270833333333,0.336255947826087,0.533132447368421,0.014770555555555533,1.0,0.0,0.0
300,0.45892969,0.40012589285714284,0.8100575,0.3356827478260869,0.531339947368421,0.014465277777777806,1.0,0.0,0.0
301,0.45613916000000004,0.4033150714285715,0.8109875,0.33491847826086957,0.5293161578947368,0.014038055555555533,1.0,0.0,0.0
302,0.45223242199999997,0.40650424999999996,0.8128479166666667,0.3337720782608696,0.527061052631579,0.013488888888888873,1.0,0.0,0.0
303,0.447767578,0.4096934285714286,0.8156383333333334,0.3312882173913044,0.5239964526315789,0.012939444444444427,1.0,0.0,0.0
304,0.44553515600000004,0.411288,0.8170337500000001,0.3293775478260869,0.5224352394736842,0.012817499999999961,1.0,0.0,0.0
305,0.44330273499999995,0.41328125,0.8193591666666667,0.3263204782608695,0.52018015,0.012695277777777786,1.0,0.0,0.0
306,0.44162841999999997,0.41527450000000005,0.8216845833333334,0.32288128695652174,0.5179250605263158,0.01257333333333332,1.0,0.0,0.0
307,0.4399541,0.4172677142857143,0.8235449999999999,0.31944208695652176,0.515727797368421,0.01232916666666668,1.0,0.0,0.0
308,0.43827978500000003,0.4192609642857143,0.8254054166666666,0.3160028869565218,0.5135305315789473,0.01208499999999996,1.0,0.0,0.0
309,0.43660547000000005,0.42125417857142855,0.8272658333333333,0.31256368869565215,0.5112754421052632,0.011779722222222233,1.0,0.0,0.0
310,0.43437304499999996,0.42324742857142855,0.8291258333333333,0.30893342434782606,0.5089047078947369,0.011657777777777767,1.0,0.0,0.0
311,0.432140625,0.424842,0.8314512499999999,0.304921025826087,0.506476152631579,0.01159666666666668,1.0,0.0,0.0
312,0.43046631,0.4260379642857143,0.8333116666666666,0.30090862782608696,0.50393195,0.01159666666666668,1.0,0.0,0.0
313,0.429908205,0.42643660714285714,0.8347070833333334,0.29842476260869566,0.5023707339473684,0.01159666666666668,1.0,0.0,0.0
314,0.42879199,0.4272338928571428,0.8361025,0.2947944956521739,0.5001156455526315,0.01159666666666668,1.0,0.0,0.0
315,0.42711767500000003,0.42882846428571425,0.8374975,0.28925356521739126,0.49710886052631575,0.01159666666666668,1.0,0.0,0.0
316,0.42544336000000005,0.43042307142857145,0.8393579166666667,0.2829483652173913,0.4938707842105263,0.011657777777777767,1.0,0.0,0.0
317,0.424327145,0.43201764285714284,0.8412183333333333,0.2758789043478261,0.4906905315789474,0.011901944444444408,1.0,0.0,0.0
318,0.420978515,0.43440953571428575,0.84400875,0.26193104347826085,0.48542866052631584,0.01287833333333334,1.0,0.0,0.0
319,0.419862305,0.4352068214285714,0.8449391666666667,0.2592561130434783,0.48438785,0.013183611111111146,1.0,0.0,0.0
320,0.41762988500000003,0.4372000357142857,0.8472641666666667,0.25084918260869565,0.48138106578947365,0.013976944444444446,1.0,0.0,0.0
321,0.41483935499999997,0.4391932857142858,0.8500550000000001,0.24358865217391304,0.47854775,0.014709444444444447,1.0,0.0,0.0
322,0.41204883,0.44158517857142854,0.8533104166666666,0.23785666086956522,0.4759457236842105,0.01538083333333336,1.0,0.0,0.0
323,0.4092583,0.44477432142857143,0.8565662500000001,0.2346085217391304,0.4738062815789474,0.015746944444444466,1.0,0.0,0.0
324,0.40590967000000006,0.44915946428571424,0.8598216666666668,0.23384426086956522,0.47207160526315795,0.015625,1.0,0.0,0.0
325,0.40200293,0.45434185714285713,0.8630775,0.23499066086956522,0.4708573157894737,0.015014722222222252,1.0,0.0,0.0
326,0.39530564999999995,0.46151749999999997,0.8686583333333333,0.23747452173913045,0.46964305263157896,0.013488888888888873,1.0,0.0,0.0
327,0.3913989,0.4655039642857143,0.8747045833333335,0.2361370608695652,0.46900699999999995,0.012451111111111145,1.0,0.0,0.0
328,0.3897246,0.4663012857142857,0.8802858333333333,0.2315514608695652,0.46837094736842105,0.01208499999999996,1.0,0.0,0.0
329,0.3897246,0.4655039642857143,0.8858666666666667,0.22562839999999998,0.46733013157894737,0.012206944444444427,1.0,0.0,0.0
330,0.3913989,0.4639093928571429,0.8919129166666667,0.2193232,0.46576892105263157,0.01257333333333332,1.0,0.0,0.0
331,0.39251515000000003,0.46271342857142855,0.8965637499999999,0.2128269565217391,0.4638607631578947,0.012939444444444427,1.0,0.0,0.0
332,0.39363135,0.46231482142857144,0.9002845833333333,0.2063306956521739,0.46206826315789473,0.013183611111111146,1.0,0.0,0.0
333,0.39530564999999995,0.46271342857142855,0.9044699999999999,0.1965862608695652,0.4602179210526316,0.013427777777777787,1.0,0.0,0.0
334,0.39586375,0.46351075,0.9058654166666668,0.19161852173913044,0.4594662368421053,0.013549722222222253,1.0,0.0,0.0
335,0.39698,0.4643080357142857,0.9086558333333333,0.18397591304347824,0.45848323684210524,0.013732777777777806,1.0,0.0,0.0
336,0.3986543,0.46510532142857147,0.91098125,0.17671539130434785,0.45761589473684205,0.014099166666666699,1.0,0.0,0.0
337,0.40088671500000006,0.46669992857142856,0.9137720833333333,0.17002800000000004,0.45686421052631576,0.014526388888888893,1.0,0.0,0.0
338,0.40311914,0.46829449999999995,0.9165625,0.1644871304347826,0.45617034210526314,0.015197777777777807,1.0,0.0,0.0
339,0.40535156,0.4698891071428571,0.9193529166666666,0.15990147826086956,0.4554764473684211,0.015930277777777807,1.0,0.0,0.0
340,0.40814209,0.4718823214285714,0.9226087500000001,0.1558891304347826,0.4548982368421053,0.01660166666666664,1.0,0.0,0.0
341,0.41428125,0.4754701428571429,0.9286545833333334,0.149966,0.45455128947368423,0.017456111111111106,1.0,0.0,0.0
342,0.41539746,0.4758687857142857,0.93005,0.14881965217391305,0.4546091052631579,0.017578055555555572,1.0,0.0,0.0
343,0.4193042,0.47746339285714284,0.9337708333333333,0.14480721739130434,0.4549560526315789,0.017761111111111127,1.0,0.0,0.0
344,0.423210935,0.47905796428571434,0.93749125,0.14003060869565218,0.45570776315789474,0.017761111111111127,1.0,0.0,0.0
345,0.42711767500000003,0.47985525,0.9412120833333333,0.13391643478260867,0.4566907368421053,0.017578055555555572,1.0,0.0,0.0
346,0.43046631,0.4810512142857143,0.9449329166666667,0.12742017391304347,0.45784718421052634,0.017395000000000018,1.0,0.0,0.0
347,0.43381494,0.4822471428571428,0.9481883333333334,0.12130608695652173,0.45900365789473685,0.017211944444444467,1.0,0.0,0.0
348,0.43660547000000005,0.4834430714285714,0.9509791666666666,0.1157651304347826,0.4602179210526316,0.01696777777777775,1.0,0.0,0.0
349,0.4399541,0.4842403928571429,0.9542345833333332,0.11117947826086957,0.4615478421052632,0.016784722222222194,1.0,0.0,0.0
350,0.44330273499999995,0.4858349642857143,0.9570249999999999,0.10754921739130434,0.46293560526315786,0.016784722222222194,1.0,0.0,0.0
351,0.4472094725,0.48742953571428566,0.9598158333333333,0.10563860869565218,0.464439,0.01690666666666666,1.0,0.0,0.0
352,0.4516743165,0.4886255,0.96260625,0.10468321739130435,0.46605802631578946,0.01684583333333336,1.0,0.0,0.0
353,0.45613916000000004,0.4898214285714286,0.9653966666666668,0.10430113043478259,0.46785052631578944,0.0164183333333333,1.0,0.0,0.0
354,0.460604005,0.4910173928571429,0.9677220833333333,0.10372791304347825,0.4698743421052632,0.015746944444444466,1.0,0.0,0.0
355,0.46451074,0.4918146785714286,0.9700475000000001,0.10277260869565219,0.47184031578947366,0.015075555555555554,1.0,0.0,0.0
356,0.470649905,0.49340925,0.9733033333333333,0.10219939130434783,0.47397975,0.014709444444444447,1.0,0.0,0.0
357,0.47399853500000005,0.4942065357142857,0.9746983333333333,0.10239043478260869,0.4748470921052631,0.01458749999999998,1.0,0.0,0.0
358,0.47957959,0.4950038214285714,0.97702375,0.10277260869565219,0.4759457236842105,0.01458749999999998,1.0,0.0,0.0
359,0.485160645,0.49619978571428575,0.9793491666666666,0.10353686956521739,0.4768130657894737,0.014648333333333359,1.0,0.0,0.0
360,0.49018359499999997,0.49659842857142855,0.9812095833333333,0.10430113043478259,0.4775069394736842,0.014648333333333359,1.0,0.0,0.0
361,0.495206545,0.4973957142857143,0.9835349999999999,0.10506539130434785,0.4782008131578947,0.014526388888888893,1.0,0.0,0.0
362,0.49967138999999994,0.4977943571428571,0.9853954166666666,0.10563860869565218,0.4787212157894737,0.014282222222222253,1.0,0.0,0.0
363,0.50357815,0.4985916785714286,0.9867908333333334,0.10640286956521738,0.47895250789473687,0.014038055555555533,1.0,0.0,0.0
364,0.50748485,0.49899028571428566,0.9886512499999999,0.10735817391304348,0.47901033157894735,0.013976944444444446,1.0,0.0,0.0
365,0.5113916,0.4997876071428572,0.9900462500000001,0.10850460869565218,0.4787790394736842,0.014038055555555533,1.0,0.0,0.0
366,0.51529835,0.5001862499999999,0.9909766666666666,0.10984208695652174,0.47848992631578946,0.014099166666666699,1.0,0.0,0.0
367,0.5197632,0.5009835357142858,0.9923716666666667,0.11156165217391303,0.47814298947368417,0.014221111111111087,1.0,0.0,0.0
368,0.524228,0.5017808214285714,0.9933020833333334,0.11366339130434784,0.47785387631578946,0.014221111111111087,1.0,0.0,0.0
369,0.529251,0.5025781071428571,0.9942320833333333,0.11595617391304347,0.4774491157894737,0.014282222222222253,1.0,0.0,0.0
370,0.5337158,0.5033754285714286,0.9951625000000001,0.11824895652173913,0.47698653421052634,0.01440416666666664,1.0,0.0,0.0
371,0.5426455,0.50497,0.9965574999999999,0.12130608695652173,0.47600354736842104,0.0148316666666667,1.0,0.0,0.0
372,0.5448779499999999,0.50497,0.9965574999999999,0.12187921739130436,0.4758300789473684,0.014953611111111088,1.0,0.0,0.0
373,0.5510170999999999,0.5057672857142858,0.9970224999999999,0.12340773913043479,0.47525185000000003,0.01538083333333336,1.0,0.0,0.0
374,0.55715625,0.5061659642857144,0.9974879166666667,0.12493634782608695,0.47478926842105257,0.015808055555555554,1.0,0.0,0.0
375,0.5632954,0.5065646071428571,0.9974879166666667,0.1262737391304348,0.47444233157894733,0.016174444444444446,1.0,0.0,0.0
376,0.56943455,0.50696325,0.9974879166666667,0.12742017391304347,0.4740953947368421,0.016540555555555555,1.0,0.0,0.0
377,0.57557375,0.507361892857143,0.9970224999999999,0.12856660869565217,0.4738062815789474,0.01696777777777775,1.0,0.0,0.0
378,0.5817129,0.5077605357142857,0.9965574999999999,0.12971295652173911,0.47345934210526314,0.017456111111111106,1.0,0.0,0.0
379,0.5906426,0.5081591785714286,0.9956275,0.13143260869565218,0.4730545789473684,0.01837166666666666,1.0,0.0,0.0
380,0.5945493,0.5081591785714286,0.9951625000000001,0.13257895652173912,0.47288110526315785,0.018798888888888855,1.0,0.0,0.0
381,0.6012466,0.5085578214285714,0.9942320833333333,0.13410747826086958,0.47270765789473684,0.019531111111111145,1.0,0.0,0.0
382,0.6079438500000001,0.5085578214285714,0.9933020833333334,0.13582713043478262,0.47270765789473684,0.0201416666666666,1.0,0.0,0.0
383,0.6151992,0.5085578214285714,0.9919066666666666,0.1379288695652174,0.4727654736842105,0.020751944444444427,1.0,0.0,0.0
384,0.6218965,0.5085578214285714,0.9905116666666666,0.13983947826086957,0.47293894736842107,0.02136222222222225,1.0,0.0,0.0
385,0.6285937500000001,0.5085578214285714,0.9891162499999999,0.14213226086956524,0.47317023684210524,0.021972777777777786,1.0,0.0,0.0
386,0.6358491,0.5085578214285714,0.9877208333333334,0.1444251304347826,0.4733437105263158,0.0226441666666667,1.0,0.0,0.0
387,0.6431045,0.5085578214285714,0.9858604166666667,0.14671791304347825,0.47351715789473686,0.023376388888888912,1.0,0.0,0.0
388,0.65035985,0.5085578214285714,0.984,0.1492017391304348,0.4736906342105263,0.024108888888888912,1.0,0.0,0.0
389,0.65761525,0.5085578214285714,0.9821400000000001,0.15206773913043478,0.4740953947368421,0.02471916666666666,1.0,0.0,0.0
390,0.6648706000000001,0.5081591785714286,0.9802795833333334,0.1549337391304348,0.47467362368421057,0.025207500000000018,1.0,0.0,0.0
391,0.67156785,0.5077605357142857,0.9779541666666667,0.15799086956521738,0.4751940263157895,0.0256958333333333,1.0,0.0,0.0
392,0.67882325,0.5077605357142857,0.9751633333333333,0.1612389565217391,0.47548314210526316,0.026550277777777766,1.0,0.0,0.0
393,0.6866367,0.507361892857143,0.9723729166666667,0.1644871304347826,0.4756566105263158,0.027587777777777787,1.0,0.0,0.0
394,0.6977987999999999,0.5065646071428571,0.9677220833333333,0.16945478260869562,0.47629266052631575,0.02874749999999998,1.0,0.0,0.0
395,0.70226365,0.5061659642857144,0.9653966666666668,0.1721297391304348,0.4768130657894737,0.029357777777777806,1.0,0.0,0.0
396,0.7095190499999999,0.5053686428571428,0.9616758333333334,0.17652426086956519,0.4779116973684211,0.02990722222222225,1.0,0.0,0.0
397,0.7156582,0.5041727142857143,0.95749,0.181492,0.47935726842105264,0.030395555555555533,1.0,0.0,0.0
398,0.72179735,0.5025781071428571,0.9537695833333334,0.18665078260869564,0.48109195,0.03076166666666664,1.0,0.0,0.0
399,0.7268203,0.5005848928571428,0.9495837500000001,0.19219173913043477,0.483115747368421,0.031066944444444446,1.0,0.0,0.0
400,0.7307270499999999,0.4985916785714286,0.9453979166666667,0.19811478260869567,0.48531301315789477,0.031311111111111165,1.0,0.0,0.0
401,0.7340757,0.49619978571428575,0.9412120833333333,0.20403791304347826,0.48745245789473685,0.03155527777777781,1.0,0.0,0.0
402,0.7363081,0.4942065357142857,0.93656125,0.20996095652173916,0.4894184315789474,0.031860277777777744,1.0,0.0,0.0
403,0.7390986500000001,0.4918146785714286,0.9323754166666668,0.21531078260869563,0.4910374684210526,0.03222666666666664,1.0,0.0,0.0
404,0.74133105,0.4898214285714286,0.9281895833333333,0.22027853043478263,0.4924252157894737,0.03259277777777775,1.0,0.0,0.0
405,0.7435634999999999,0.48742953571428566,0.92353875,0.22486413043478262,0.49358167105263157,0.03308111111111111,1.0,0.0,0.0
406,0.7457959000000001,0.4854363214285714,0.9188879166666667,0.22925866086956523,0.4946803052631579,0.0335083333333333,1.0,0.0,0.0
407,0.7485864,0.4830444285714286,0.9137720833333333,0.23346213043478262,0.4958945815789474,0.03399666666666666,1.0,0.0,0.0
408,0.75137695,0.4802538928571428,0.90912125,0.23785666086956522,0.497455797631579,0.03436277777777777,1.0,0.0,0.0
409,0.7563999000000001,0.4750715,0.9016795833333333,0.24588145217391305,0.5008673415789474,0.03491222222222221,1.0,0.0,0.0
410,0.756958,0.4742742142857143,0.9007495833333333,0.24740998260869565,0.5016190378947368,0.03503416666666668,1.0,0.0,0.0
411,0.75974855,0.4714836785714286,0.8965637499999999,0.25218665217391306,0.5041054184210526,0.03527833333333332,1.0,0.0,0.0
412,0.7619809500000001,0.46829449999999995,0.8928429166666666,0.25715438260869566,0.5065339736842105,0.03558361111111113,1.0,0.0,0.0
413,0.7636552999999999,0.46510532142857147,0.8886570833333334,0.26154891304347827,0.5088468842105264,0.03594972222222223,1.0,0.0,0.0
414,0.7653296,0.46191614285714283,0.8844712499999999,0.2653702434782609,0.5108706815789473,0.03637694444444443,1.0,0.0,0.0
415,0.7670039,0.45832832142857144,0.8802858333333333,0.26880944347826086,0.5127210105263158,0.036987222222222255,1.0,0.0,0.0
416,0.76923635,0.45474050000000005,0.8761,0.2716754434782609,0.5145135184210526,0.037597777777777786,1.0,0.0,0.0
417,0.77146875,0.4495581071428571,0.87051875,0.27511464347826087,0.516999897368421,0.03857416666666664,1.0,0.0,0.0
418,0.7731431000000001,0.44676757142857143,0.8677283333333333,0.2766431739130435,0.5183876447368421,0.0390625,1.0,0.0,0.0
419,0.7753755,0.44238246428571426,0.8630775,0.27874490434782606,0.5205849105263158,0.039795,1.0,0.0,0.0
420,0.7770498,0.43759871428571423,0.8588916666666666,0.28065557391304347,0.5230134657894737,0.04064944444444447,1.0,0.0,0.0
421,0.7787241,0.4328149285714286,0.8551708333333333,0.2823751739130435,0.5254420236842106,0.04162611111111111,1.0,0.0,0.0
422,0.77928225,0.4280311785714286,0.850985,0.2837126347826087,0.5278127631578947,0.042663611111111124,1.0,0.0,0.0
423,0.7798403500000001,0.4236460714285714,0.8472641666666667,0.28428583478260866,0.5300678421052631,0.04376222222222223,1.0,0.0,0.0
424,0.7803984500000001,0.4192609642857143,0.84307875,0.28428583478260866,0.5323229210526316,0.044921944444444424,1.0,0.0,0.0
425,0.7803984500000001,0.4140785357142857,0.8388929166666667,0.2840947652173913,0.5346358421052632,0.0461425,1.0,0.0,0.0
426,0.7803984500000001,0.4084975,0.8347070833333334,0.2835215652173913,0.5372378684210526,0.0473022222222222,1.0,0.0,0.0
427,0.7803984500000001,0.4025177857142857,0.83098625,0.2833305043478261,0.5402446578947369,0.04846194444444447,1.0,0.0,0.0
428,0.77928225,0.39613942857142853,0.8268004166666666,0.28313943478260867,0.5434827368421052,0.04956055555555557,1.0,0.0,0.0
429,0.778166,0.3893624285714286,0.8226145833333334,0.28313943478260867,0.546952105263158,0.05059805555555559,1.0,0.0,0.0
430,0.7759336,0.38298410714285713,0.8188941666666666,0.2825662347826087,0.5504792894736842,0.05157472222222223,1.0,0.0,0.0
431,0.7731431000000001,0.37660575,0.8147083333333334,0.2816109043478261,0.5541221315789473,0.0524291666666667,1.0,0.0,0.0
432,0.7670039,0.3666395714285714,0.8081970833333333,0.2797002347826087,0.5601356842105263,0.053588888888888894,1.0,0.0,0.0
433,0.7658877000000001,0.3642477142857143,0.8072666666666667,0.2793181043478261,0.5613499736842106,0.05377194444444445,1.0,0.0,0.0
434,0.76142285,0.3578693571428571,0.80354625,0.2779806347826087,0.5645302105263158,0.05438222222222219,1.0,0.0,0.0
435,0.7563999000000001,0.35149099999999994,0.8007554166666666,0.2760699739130435,0.5670744210526316,0.05499277777777781,1.0,0.0,0.0
436,0.75026075,0.3451126428571429,0.797965,0.2739682434782609,0.5690403947368421,0.05566416666666664,1.0,0.0,0.0
437,0.7441215999999999,0.3387342857142857,0.7956395833333333,0.2718665043478261,0.5707750789473685,0.0562133333333333,1.0,0.0,0.0
438,0.7374243500000001,0.33275460714285715,0.7933141666666667,0.26995584347826085,0.5725097631578947,0.05657972222222219,1.0,0.0,0.0
439,0.7307270499999999,0.32677489285714284,0.7919187499999999,0.2684273130434783,0.5744757368421053,0.05670166666666666,1.0,0.0,0.0
440,0.7240298000000001,0.3215925,0.79005875,0.2668987739130435,0.5767886578947369,0.05651861111111111,1.0,0.0,0.0
441,0.7178905999999999,0.31720737857142856,0.7886633333333334,0.26517917391304346,0.5793328421052631,0.05609138888888891,1.0,0.0,0.0
442,0.7111933500000001,0.3132209107142857,0.7872679166666666,0.2636506434782609,0.5820505263157895,0.0554808333333333,1.0,0.0,0.0
443,0.7056123,0.30923444285714285,0.7863379166666666,0.26212211304347827,0.5849416578947368,0.054809444444444466,1.0,0.0,0.0
444,0.69947315,0.305646625,0.7858729166666666,0.26078464347826086,0.5881219210526316,0.054077222222222256,1.0,0.0,0.0
445,0.6938921,0.30205880357142856,0.7854074999999999,0.2598293130434783,0.591649105263158,0.05334472222222225,1.0,0.0,0.0
446,0.68831105,0.29886962857142857,0.7849425000000001,0.25906504347826087,0.5954654210526316,0.05267333333333334,1.0,0.0,0.0
447,0.67826515,0.2936872214285714,0.7844775,0.25772758260869566,0.6021728421052631,0.051696666666666696,1.0,0.0,0.0
448,0.6760327,0.29288992857142854,0.7840124999999999,0.257345452173913,0.6035027631578948,0.05151361111111115,1.0,0.0,0.0
449,0.66877735,0.2900994,0.7840124999999999,0.25639011304347825,0.6076660263157895,0.05090333333333332,1.0,0.0,0.0
450,0.66096385,0.28730887285714285,0.7840124999999999,0.25524371304347826,0.6118870789473684,0.050231944444444405,1.0,0.0,0.0
451,0.65035985,0.2841196985714286,0.7844775,0.25371518260869563,0.6173802368421053,0.049255277777777766,1.0,0.0,0.0
452,0.6414302000000001,0.2821264642857143,0.7844775,0.2523777130434783,0.6213700263157895,0.04858388888888886,1.0,0.0,0.0
453,0.6325005,0.2797345857142857,0.7849425000000001,0.25084918260869565,0.6251863157894737,0.04772944444444446,1.0,0.0,0.0
454,0.6230127,0.27774135,0.7854074999999999,0.24970278260869566,0.6289447894736843,0.046875,1.0,0.0,0.0
455,0.614083,0.27574811785714287,0.7858729166666666,0.24874745217391303,0.6327032894736843,0.04602055555555554,1.0,0.0,0.0
456,0.6045952,0.27415352857142855,0.7868029166666667,0.24798318260869567,0.6363461052631579,0.04516611111111114,1.0,0.0,0.0
457,0.59622365,0.2725589428571428,0.7872679166666666,0.24740998260869565,0.6397576578947368,0.044494722222222234,1.0,0.0,0.0
458,0.58896825,0.27136300357142856,0.7881983333333333,0.24702785217391304,0.6428222631578947,0.043884166666666696,1.0,0.0,0.0
459,0.582271,0.27056570714285716,0.7886633333333334,0.24683678260869565,0.6457133947368421,0.043334999999999964,1.0,0.0,0.0
460,0.57613185,0.26936976785714284,0.7891283333333333,0.24683678260869565,0.6484888947368421,0.04290777777777777,1.0,0.0,0.0
461,0.5705508,0.26897112142857144,0.7891283333333333,0.24683678260869565,0.6512065789473684,0.04248055555555557,1.0,0.0,0.0
462,0.5655278499999999,0.2681738285714286,0.7895933333333334,0.24664572173913044,0.6539242368421052,0.042053333333333304,1.0,0.0,0.0
463,0.5610630000000001,0.2681738285714286,0.7895933333333334,0.24626358260869566,0.6566997368421054,0.041503888888888854,1.0,0.0,0.0
464,0.55715625,0.2681738285714286,0.7895933333333334,0.24607252173913044,0.6595908684210526,0.04089361111111111,1.0,0.0,0.0
465,0.5521333,0.2681738285714286,0.7895933333333334,0.24588145217391305,0.662482,0.04034416666666666,1.0,0.0,0.0
466,0.54766845,0.26897112142857144,0.7895933333333334,0.24549932173913044,0.6652575,0.039795,1.0,0.0,0.0
467,0.5420874,0.26936976785714284,0.79005875,0.24492612173913042,0.6679751842105263,0.039245555555555554,1.0,0.0,0.0
468,0.53762255,0.27056570714285716,0.79005875,0.24397079130434782,0.6706350263157894,0.03875722222222219,1.0,0.0,0.0
469,0.5325996,0.27176165,0.7905237500000001,0.24301545217391304,0.6732948684210527,0.03820805555555554,1.0,0.0,0.0
470,0.52590235,0.27415352857142855,0.7909887499999999,0.24129585217391306,0.6768798947368421,0.037597777777777786,1.0,0.0,0.0
471,0.5225537,0.2753494714285714,0.79145375,0.24034052173913042,0.6786723947368422,0.03729249999999998,1.0,0.0,0.0
472,0.5175307499999999,0.27774135,0.79145375,0.23862092173913044,0.6812165789473684,0.03692638888888888,1.0,0.0,0.0
473,0.5125078000000001,0.2801332321428572,0.7919187499999999,0.2367102608695652,0.6836451578947369,0.03655999999999998,1.0,0.0,0.0
474,0.50804295,0.28252511142857145,0.7919187499999999,0.23499066086956522,0.6860158947368421,0.03619388888888887,1.0,0.0,0.0
475,0.50357815,0.28491699214285715,0.7919187499999999,0.23307999130434784,0.6883287894736841,0.03582749999999998,1.0,0.0,0.0
476,0.498555175,0.28730887285714285,0.7919187499999999,0.23136039130434782,0.6903525789473685,0.03558361111111113,1.0,0.0,0.0
477,0.49353222499999994,0.2897007535714286,0.7923841666666668,0.22964079130434784,0.6920872631578947,0.035461388888888876,1.0,0.0,0.0
478,0.488509275,0.29249128214285713,0.7923841666666668,0.22792119130434785,0.6934750263157895,0.03533944444444441,1.0,0.0,0.0
479,0.48292821999999996,0.2952818071428571,0.7928491666666666,0.22639266086956522,0.6945158421052632,0.035156111111111145,1.0,0.0,0.0
480,0.476789065,0.2980723357142857,0.7928491666666666,0.22524626086956523,0.6952675263157895,0.03491222222222221,1.0,0.0,0.0
481,0.470649905,0.30086286428571424,0.7933141666666667,0.22409986086956524,0.6957301052631578,0.034851111111111124,1.0,0.0,0.0
482,0.46451074,0.3040520392857143,0.7937791666666666,0.2227624,0.6959035789473684,0.034851111111111124,1.0,0.0,0.0
483,0.45837158,0.30724121071428573,0.7947095833333333,0.22142493043478262,0.6960192105263158,0.03491222222222221,1.0,0.0,0.0
484,0.45334863299999995,0.3100317392857143,0.7951745833333334,0.22027853043478263,0.6962505263157894,0.03503416666666668,1.0,0.0,0.0
485,0.4472094725,0.31361955714285716,0.7961045833333333,0.2189410695652174,0.6966552631578947,0.03497305555555559,1.0,0.0,0.0
486,0.44441894499999995,0.31521414642857143,0.7961045833333333,0.2181768,0.696886552631579,0.03491222222222221,1.0,0.0,0.0
487,0.4399541,0.3184033214285714,0.79657,0.2170304347826087,0.6972913157894736,0.034790000000000036,1.0,0.0,0.0
488,0.436047365,0.3219911428571428,0.79657,0.21626617391304348,0.6976960789473684,0.03454583333333332,1.0,0.0,0.0
489,0.43269873,0.32557896428571426,0.797035,0.21569295652173914,0.6981586578947369,0.034179722222222216,1.0,0.0,0.0
490,0.42935009500000004,0.32876814285714284,0.797035,0.21550182608695653,0.6987947105263158,0.03375250000000002,1.0,0.0,0.0
491,0.42600146499999997,0.3323559642857143,0.7975,0.21550182608695653,0.6994885789473684,0.03326416666666666,1.0,0.0,0.0
492,0.423210935,0.3359437857142857,0.797965,0.215884,0.7001246315789474,0.0327758333333333,1.0,0.0,0.0
493,0.419862305,0.33993025,0.797965,0.21645721739130436,0.700645052631579,0.03222666666666664,1.0,0.0,0.0
494,0.41707178,0.3439167142857143,0.797965,0.21741253043478262,0.7010498157894737,0.03149416666666664,1.0,0.0,0.0
495,0.41372314499999996,0.34909910714285713,0.7975,0.2189410695652174,0.7013967368421052,0.030639722222222252,1.0,0.0,0.0
496,0.40981640500000005,0.35587610714285717,0.797035,0.221616,0.7016280263157895,0.029541111111111146,1.0,0.0,0.0
497,0.403677245,0.36584228571428573,0.7951745833333334,0.22581946086956523,0.7016858684210526,0.0282591666666667,1.0,0.0,0.0
498,0.39530564999999995,0.3789976428571428,0.7928491666666666,0.2323157304347826,0.701454552631579,0.02667250000000002,1.0,0.0,0.0
499,0.38525975,0.39613942857142853,0.7886633333333334,0.2405315913043478,0.7008185263157894,0.02478027777777775,1.0,0.0,0.0
500,0.36516795,0.4312203571428571,0.7761058333333333,0.25753651304347824,0.6981586578947369,0.021057222222222234,1.0,0.0,0.0
501,0.35902880000000004,0.4399905714285714,0.7733154166666667,0.2604025130434783,0.6971756842105263,0.020873888888888893,1.0,0.0,0.0
502,0.34451805,0.46669992857142856,0.7602929166666667,0.27052904347826084,0.6932437368421053,0.019226111111111128,1.0,0.0,0.0
503,0.33112355,0.4973957142857143,0.7435499999999999,0.2798913043478261,0.6872879736842106,0.017944444444444468,1.0,0.0,0.0
504,0.3194033,0.5308820357142857,0.7226208333333334,0.2884893043478261,0.6791349736842105,0.017028888888888913,1.0,0.0,0.0
505,0.30991555000000004,0.5671588928571428,0.69750625,0.2963230295652174,0.6690159736842105,0.016235277777777748,1.0,0.0,0.0
506,0.30154395,0.6046317142857143,0.6682054166666666,0.30339249304347826,0.6572779736842105,0.015625,1.0,0.0,0.0
507,0.2942886,0.6425031428571428,0.6351841666666668,0.30912449043478263,0.6447882368421053,0.015075555555555554,1.0,0.0,0.0
508,0.2836846,0.6915367857142858,0.586815,0.31447435652173916,0.6280774473684211,0.014526388888888893,1.0,0.0,0.0
509,0.27977785,0.7134621428571428,0.5607704166666667,0.31734035652173914,0.6200979210526315,0.014160277777777787,1.0,0.0,0.0
510,0.27140624999999996,0.7465499999999999,0.5179820833333334,0.3213527478260869,0.6084755263157895,0.01361083333333334,1.0,0.0,0.0
511,0.26191845,0.7784417857142858,0.4724033333333333,0.3257472869565217,0.5973157368421053,0.012756388888888874,1.0,0.0,0.0
512,0.25131445,0.8087389285714285,0.42449958333333343,0.33033287826086954,0.5863294210526316,0.011535555555555592,1.0,0.0,0.0
513,0.23903615,0.83784,0.3742699999999998,0.33491847826086957,0.5755743684210526,0.010009722222222213,1.0,0.0,0.0
514,0.22843215,0.8657453571428572,0.3217149999999999,0.3391219391304348,0.5651662631578948,0.00805666666666664,1.0,0.0,0.0
515,0.21950244999999996,0.8912585714285715,0.26683458333333326,0.3437075391304348,0.5553942105263158,0.005737222222222253,1.0,0.0,0.0
516,0.21001465000000002,0.9143803571428571,0.2091637500000001,0.3488663391304348,0.5462582368421053,0.0030516666666666795,1.0,0.0,0.0
517,0.19941065,0.9359071428571429,0.15056291666666657,0.3542162,0.5379895789473684,0.0002441666666666404,1.0,0.0,0.0
