,X,Y,Z,A,B,G,Vx,Vy,Vz,Va,Vb,Vg,Time,Square,Circle
477,-10.12403,-6.049863,-19.41091,-0.6964272122502342,0.14342719603149195,2.738538533438987,0.558500000000007,0.0,0.0,0.03835361031257005,-0.05752430681648225,0.057508598853229904,9.560029,0,1
478,-10.12403,-6.049863,-19.41091,-0.6971942844564856,0.14189322615191416,2.7404566502869288,0.0,0.0,0.0,-0.03835361031257005,-0.07669849397889142,0.0959058423970947,9.580029,0,1
479,-10.11287,-6.061026,-19.41091,-0.699495326542315,0.14112624121212525,2.741222849828554,0.5579721013949275,-0.558122093895279,0.0,-0.11504635197387213,-0.038347329622963285,0.038308061678167214,9.60003,0,1
480,-10.10171,-6.061026,-19.42207,-0.7044806850177117,0.14035923881904383,2.741606822263993,0.5579999999999371,0.0,-0.5580000000000259,-0.24926792376983561,-0.03835011965407169,0.019198621771954603,9.62003,0,1
481,-10.05706,-6.072187,-19.46672,-0.7297912752972082,0.138825268939466,2.741606822263993,2.2323883805809412,-0.5580220988950151,-2.2323883805807636,-1.2654662406627568,-0.07669465924592657,0.0,9.640031,0,1
482,-10.00125,-6.049863,-19.50021,-0.7543349679033784,0.13729128160659568,2.74237476713487,2.790500000000022,1.116199999999991,-1.674500000000059,-1.227184630308535,-0.07669936664351809,0.0383972435438648,9.660031,0,1
483,-9.945439,-5.982891,-19.48904,-0.7658398292666746,0.13537381053047715,2.74429113865356,2.7904104794759563,3.3484325783709714,0.5584720763961585,-0.5752143074494204,-0.09586876036790533,0.0958137852452158,9.680032,0,1
484,-9.889629,-5.882432,-19.48904,-0.7712088111116596,0.13499030933393644,2.7465932279369407,2.790500000000111,5.022950000000145,0.0,-0.2684490922492568,-0.019175059827035844,0.1151044641690493,9.700032,0,1
485,-9.867305,-5.770811,-19.47788,-0.7715922599483227,0.13690778041005494,2.747743399914005,1.1161441927902942,5.580770961451736,0.5579721013949275,-0.019171483258990506,0.09586876036790394,0.05750572356702639,9.720033,0,1
486,-9.856143,-5.625703,-19.48904,-0.7692913923954187,0.14150972495537345,2.745825283066063,0.5581000000000399,7.2554000000001775,-0.5580000000000259,0.11504337764520446,0.23009722726593038,-0.0959058423970947,9.740033,0,1
487,-9.878467,-5.413623,-19.50021,-0.7631555128771073,0.14917962671314008,2.7408406227223674,-1.116144192790482,10.603469826509267,-0.5584720763962081,0.3067786369837391,0.3834759140926496,-0.24922055615698688,9.760034,0,1
488,-9.923115,-5.123408,-19.53369,-0.7531846213933889,0.15838351580377708,2.7324037011182267,-2.232399999999784,14.510749999999016,-1.673999999999929,0.4985445741858826,0.46019445453181845,-0.4218460802070049,9.780034,0,1
489,-9.956601,-4.855517,-19.57834,-0.7439806275829969,0.16451944768196589,2.7262671234682143,-1.6742162891856343,13.393880305985515,-2.2323883805811393,0.4601766816855454,0.3067812548467162,-0.3068135418235473,9.800035,0,1
490,-9.990088,-4.565303,-19.64531,-0.7351602571421931,0.16988837716707328,2.7208984906890796,-1.6743499999999336,14.510699999999009,-3.3484999999996616,0.4410185220401577,0.26844647425535156,-0.2684316389567162,9.820035,0,1
491,-10.0459,-4.263926,-19.70112,-0.7255729890280631,0.1752572368390106,2.715913830345384,-2.790600000000036,15.068850000000344,-2.790500000000111,0.47936340570651126,0.26844298359687147,-0.24923301718478538,9.840035,0,1
492,-10.10171,-3.962549,-19.7681,-0.7156020975443447,0.1802427698473324,2.7113113971078753,-2.7903604819761165,15.068096595171104,-3.3488325583723246,0.4985196482035409,0.2492641872067444,-0.2301101563676327,9.860036,0,1
493,-10.14636,-3.672334,-19.83507,-0.7060146548972893,0.1836941584431512,2.70785913584743,-2.232499999999798,14.510749999999016,-3.3484999999998393,0.4793721323527354,0.17256942979092887,-0.17261306302224166,9.880036,0,1
494,-10.16868,-3.303984,-19.95785,-0.6968108356198225,0.18676209820230683,2.7051748194578633,-1.1159442027899542,18.41657917104255,-6.138693065347032,0.4601679554755947,0.15338931849186538,-0.13420910902290167,9.900037,0,1
495,-10.16868,-3.125391,-20.03599,-0.6933592724910785,0.18676209820230683,2.705558791893302,0.0,8.929649999999386,-3.9069999999997966,0.17257815643718588,0.0,0.019198621771930692,9.920037,0,1
496,-10.1352,-2.868662,-20.16993,-0.6899078838952597,0.18561175169231736,2.706708963870366,1.6739163041849312,12.835808209590274,-6.696665166742009,0.17256080175086452,-0.05751444977698772,0.0575057235670315,9.940038,0,1
497,-10.06822,-2.589609,-20.31504,-0.6872233929727672,0.18254363740023655,2.709777252695372,3.3489999999997315,13.95264999999907,-7.255499999999459,0.1342245461246137,-0.15340571460403038,0.15341444125028877,9.960038,0,1
498,-9.978926,-2.321719,-20.48247,-0.6853059742565263,0.1775582789248399,2.7155298579099454,4.4644767761614865,13.393830308485361,-8.371081445928171,0.09586614250492836,-0.2492554609967965,0.2876158799346864,9.980039,0,1
499,-9.84498,-2.053828,-20.67223,-0.6856894230931894,0.1706553621068622,2.7235828070786474,6.696965151742206,13.39388030598428,-9.487525623718515,-0.019171483258990506,-0.3451285844696522,0.4026273270687359,10.00004,0,1
500,-6.35124,-3.884414,-24.36688,-0.8617137321384516,0.10546117098590697,2.806801851142989,174.6870000000037,-91.52930000000194,-184.7325000000039,-8.8012154522633,-3.2597095560478304,4.160952203217172,10.02004,0,1
501,-6.35124,-3.884414,-24.36688,-0.8617137321384516,0.10546117098590697,2.806801851142989,0.0,0.0,0.0,0.0,0.0,0.0,10.04004,0,1
502,-6.35124,-3.884414,-24.36688,-0.8617137321384516,0.10546117098590697,2.806801851142989,0.0,0.0,0.0,0.0,0.0,0.0,10.06004,0,1
503,-6.35124,-3.884414,-24.36688,-0.8617137321384516,0.10546117098590697,2.806801851142989,0.0,0.0,0.0,0.0,0.0,0.0,10.08004,0,1
504,-6.35124,-3.884414,-24.36688,-0.8617137321384516,0.10546117098590697,2.806801851142989,0.0,0.0,0.0,0.0,0.0,0.0,10.10004,0,1
505,-6.35124,-3.884414,-24.36688,-0.8617137321384516,0.10546117098590697,2.806801851142989,0.0,0.0,0.0,0.0,0.0,0.0,10.12004,0,1
506,-6.35124,-3.884414,-24.36688,-0.8617137321384516,0.10546117098590697,2.806801851142989,0.0,0.0,0.0,0.0,0.0,0.0,10.14004,0,1
507,-6.35124,-3.884414,-24.36688,-0.8617137321384516,0.10546117098590697,2.806801851142989,0.0,0.0,0.0,0.0,0.0,0.0,10.16004,0,1
508,-6.35124,-3.884414,-24.36688,-0.8617137321384516,0.10546117098590697,2.806801851142989,0.0,0.0,0.0,0.0,0.0,0.0,10.18004,0,1
509,-6.328916,-3.962549,-24.41153,-0.8628642531813662,0.1069951583187773,2.8060339062721114,1.116199999999991,-3.9067500000000868,-2.2325000000000847,-0.05752605214573004,0.07669936664351809,-0.038397243543887,10.20004,0,1
510,-6.328916,-3.962549,-24.41153,-0.8628642531813662,0.1069951583187773,2.8060339062721114,0.0,0.0,0.0,0.0,0.0,0.0,10.22004,0,1
511,-6.328916,-3.962549,-24.41153,-0.8628642531813662,0.1069951583187773,2.8060339062721114,0.0,0.0,0.0,0.0,0.0,0.0,10.24004,0,1
512,-6.328916,-3.962549,-24.41153,-0.8628642531813662,0.1069951583187773,2.8060339062721114,0.0,0.0,0.0,0.0,0.0,0.0,10.26005,0,1
513,-6.273106,-4.085332,-24.48967,-0.866315641777185,0.11083011792430689,2.801815445470041,2.7905000000000664,-6.139150000000135,-3.907000000000144,-0.1725694297909456,0.19174798027648327,-0.2109230401035323,10.28005,0,1
514,-6.273106,-4.085332,-24.48967,-0.866315641777185,0.11083011792430689,2.801815445470041,0.0,0.0,0.0,0.0,0.0,0.0,10.30005,0,1
515,-6.228457,-4.342061,-24.62361,-0.8713011747855068,0.11926700462186243,2.7933785238659006,2.2324500000000778,-12.836450000000273,-6.697000000000096,-0.24927665041609678,0.4218443348777863,-0.4218460802070202,10.32005,0,1
516,-6.217295,-4.509492,-24.69059,-0.8747525633813256,0.12616992143984015,2.7853255746971985,0.5580999999999955,-8.37155000000016,-3.349000000000118,-0.17256942979094006,0.3451458408988935,-0.40264745843511,10.34005,0,1
517,-6.239619,-4.688086,-24.75756,-0.8778205031404812,0.1330728382578179,2.776122453551433,-1.1162000000000354,-8.929700000000208,-3.348500000000137,-0.1533969879577856,0.3451458408988949,-0.4601560572882955,10.36005,0,1
518,-6.261943,-4.855517,-24.81337,-0.8816555151058884,0.13920875268271418,2.767301559511853,-1.116199999999892,-8.371549999999418,-2.7904999999996853,-0.19175059827034419,0.30679572124479315,-0.44104470197895784,10.38005,0,1
519,-6.29543,-5.022949,-24.85802,-0.8851069037017072,0.14457768216782158,2.760014809884777,-1.674350000000038,-8.371600000000168,-2.2325000000000847,-0.1725694297909456,0.2684464742553754,-0.3643374813538125,10.40005,0,1
520,-6.340078,-5.168056,-24.8915,-0.8881748434608627,0.14841264177335117,2.7538782322347646,-2.2324000000000708,-7.2553500000001705,-1.6740000000000779,-0.15339698795778006,0.19174798027648396,-0.306828882500627,10.42005,0,1
521,-6.373564,-5.29084,-24.90267,-0.8893253645037775,0.15186410018234003,2.7485095994556303,-1.674300000000031,-6.139200000000142,-0.558500000000007,-0.05752605214574114,0.17257292044944675,-0.2684316389567178,10.44005,0,1
522,-6.429375,-5.391299,-24.8915,-0.8893253645037775,0.1553155585913289,2.742756994241057,-2.7905499999998256,-5.022949999999653,0.5584999999999574,0.0,0.1725729204494314,-0.28763026072864684,10.46005,0,1
523,-6.485186,-5.469434,-24.86918,-0.8885582922975259,0.15876701700031776,2.7370043890264837,-2.790550000000029,-3.9067500000000646,1.1160000000000518,0.03835361031258115,0.17257292044944675,-0.28763026072867237,10.48005,0,1
524,-6.540996,-5.525244,-24.84686,-0.8874079457875365,0.16183497421276594,2.7320197286827876,-2.7905000000000664,-2.7905000000000664,1.1160000000000518,0.05751732549947442,0.15339786062241229,-0.2492330171848076,10.50005,0,1
525,-6.596807,-5.581055,-24.81337,-0.8862574247446218,0.16375244528888447,2.727801267880718,-2.7905500000000734,-2.7905500000000734,1.674500000000059,0.05752605214573559,0.09587355380592864,-0.2109230401034879,10.52005,0,1
526,-6.641455,-5.625703,-24.76872,-0.8851069037017072,0.1649029314252141,2.7247329790557115,-2.2323999999998283,-2.2323999999998283,2.2324999999998867,0.057526052145724926,0.05752430681647713,-0.15341444125031098,10.54005,0,1
527,-6.686103,-5.670352,-24.73524,-0.8839563826587925,0.1656699338182955,2.7216646902307056,-2.2324000000000708,-2.2324500000000778,1.6739999999999002,0.05752605214573559,0.03835011965407169,-0.1534144412503024,10.56005,0,1
528,-6.71959,-5.715,-24.70175,-0.8831894849854661,0.16643691875808442,2.719364346276577,-1.674350000000038,-2.2324000000000264,1.674500000000059,0.03834488366631998,0.0383492469894464,-0.1150171977064376,10.58005,0,1
529,-6.753076,-5.759648,-24.66826,-0.8812718917363,0.16643691875808442,2.7185981467349514,-1.674300000000031,-2.2324000000000708,1.674500000000059,0.09587966245830563,0.0,-0.0383099770812753,10.60005,0,1
530,-6.786562,-5.793135,-24.62361,-0.8782039519771444,0.1656699338182955,2.7197483187120155,-1.6742999999998822,-1.6743499999998892,2.2324999999998867,0.15339698795777199,-0.038349246989442996,0.05750859885320259,10.62005,0,1
531,-6.797725,-5.815459,-24.59013,-0.8743691145446624,0.16336896154563627,2.722816607537022,-0.5581500000000025,-1.116199999999991,1.6740000000000779,0.19174187162410558,-0.1150486136329645,0.1534144412503246,10.64005,0,1
532,-6.808887,-5.826621,-24.5678,-0.8705341025792552,0.16106798927297702,2.7258831510327757,-0.5581000000000399,-0.5581000000000399,1.116500000000033,0.1917505982703612,-0.1150486136329645,0.1533271747876907,10.66005,0,1
533,-6.820049,-5.826621,-24.55664,-0.866315641777185,0.159150500743566,2.728567467422343,-0.5580999999999955,0.0,0.5579999999998483,0.21092304010351565,-0.09587442647055393,0.13421581947837,10.68005,0,1
534,-6.831211,-5.826621,-24.51199,-0.8563447502934666,0.15684952847090672,2.7327859282244136,-0.5578210894552289,0.0,2.231384307846006,0.4982954264726613,-0.11499111807392089,0.21081763128787362,10.70006,0,1
535,-6.864697,-5.815459,-24.45618,-0.8390874582485223,0.15761653086398814,2.7343200726369163,-1.674300000000031,0.5581000000000399,2.790500000000111,0.8628646022472337,0.03835011965407169,0.0767072206251401,10.72006,0,1
536,-6.898184,-5.815459,-24.4227,-0.8268156992118997,0.16375244528888447,2.727801267880718,-1.674350000000038,0.0,1.6740000000000779,0.6135879518311425,0.3067957212448232,-0.3259402378099255,10.74006,0,1
537,-6.898184,-5.815459,-24.4227,-0.8256651781689851,0.1652864326217548,2.7262671234682143,0.0,0.0,0.0,0.05752605214573004,0.07669936664351809,-0.07670722062518451,10.76006,0,1
538,-6.909346,-5.804297,-24.41153,-0.8225972384098293,0.16873789103074366,2.7220486626661446,-0.5580999999999904,0.558099999999946,0.5584999999999574,0.15339698795777754,0.1725729204494314,-0.21092304010346916,10.78006,0,1
539,-6.920508,-5.804297,-24.41153,-0.8210632685302517,0.1714223470466511,2.718980373841138,-0.5580999999999955,0.0,0.0,0.07669849397888448,0.13422280079537505,-0.1534144412503246,10.80006,0,1
540,-6.920508,-5.804297,-24.41153,-0.8202961963240001,0.17410682051585105,2.715913830345384,0.0,0.0,0.0,0.03835361031258115,0.13422367346000033,-0.1533271747877129,10.82006,0,1
541,-6.93167,-5.804297,-24.41153,-0.8199127474873369,0.17640775788192525,2.713227768626565,-0.5581000000000399,0.0,0.0,0.01917244183315999,0.11504686830371254,-0.1343030859409595,10.84006,0,1
542,-6.920508,-5.804297,-24.41153,-0.8195292986506738,0.17870879996775457,2.7109274246724366,0.5580999999999904,0.0,0.0,0.019172441833152736,0.11505210429145818,-0.11501719770640519,10.86006,0,1
543,-6.920508,-5.804297,-24.40037,-0.8187622264444223,0.18139329089024706,2.708243108282869,0.0,0.0,0.5580000000000259,0.0383536103125756,0.134224546124627,-0.1342158194783922,10.88006,0,1
544,-6.909346,-5.804297,-24.38921,-0.8172282565648444,0.18484467948606587,2.7047908470224242,0.5580999999999955,0.0,0.5580000000000259,0.07669849397889558,0.17256942979094422,-0.1726130630222348,10.90006,0,1
545,-6.875859,-5.804297,-24.35572,-0.8156942866852667,0.18906314028813614,2.7017243035266705,1.674350000000038,0.0,1.6744999999998813,0.07669849397889003,0.21092304010351842,-0.1533271747876907,10.92006,0,1
546,-6.808887,-5.815459,-24.29991,-0.8141603168056889,0.1921310800472918,2.700572386220354,3.3485999999997644,-0.558099999999946,2.790499999999863,0.07669849397888322,0.15339698795777199,-0.05759586531581429,10.94006,0,1
547,-6.71959,-5.837783,-24.23294,-0.8141603168056889,0.19174763121062863,2.7024905030682955,4.464850000000104,-1.1162000000000354,3.348500000000137,0.0,-0.019172441833158603,0.09590584239707249,10.96006,0,1
548,-6.630293,-5.848945,-24.1548,-0.8137768679690257,0.18983003796146244,2.705558791893302,4.464850000000104,-0.5580999999999955,3.9069999999999663,0.01917244183315999,-0.09587966245831119,0.1534144412503246,10.98006,0,1
549,-6.540996,-5.860107,-24.05435,-0.8122428980894478,0.18829606808188465,2.7070929363058047,4.464850000000104,-0.5581000000000399,5.022500000000215,0.07669849397889558,-0.07669849397889142,0.0767072206251401,11.00006,0,1
550,-6.451699,-5.87127,-23.94272,-0.8087913349607039,0.18867969145147298,2.7070929363058047,4.464849999999708,-0.558149999999953,5.581499999999529,0.17257815643718588,0.019181168479415294,0.0,11.02006,0,1
551,-6.362402,-5.87127,-23.8311,-0.8045728741586335,0.19059711016771397,2.706708963870366,4.46485000000006,0.0,5.581000000000222,0.2109230401035212,0.0958709358120514,-0.0191986217719324,11.04006,0,1
552,-6.239619,-5.893594,-23.686,-0.7992040668465739,0.19289815225354331,2.7070929363058047,6.139150000000135,-1.1162000000000354,7.255000000000122,0.26844036560299006,0.1150521042914698,0.0191986217719324,11.06006,0,1
553,-6.13916,-5.915918,-23.57438,-0.796135952554493,0.19289815225354331,2.709009307824495,5.0229500000001,-1.116199999999991,5.581000000000044,0.15340571460404678,0.0,0.0958185759345052,11.08006,0,1
554,-6.016377,-5.938242,-23.46275,-0.7926845639586741,0.19328160109020645,2.7113113971078753,6.139150000000135,-1.1162000000000354,5.581500000000203,0.1725694297909456,0.019172441833157215,0.1151044641690271,11.10006,0,1
555,-5.904756,-5.949404,-23.33997,-0.788466103156604,0.1944321221331211,2.712845541520378,5.581049999999644,-0.5580999999999904,6.138999999999524,0.21092304010349136,0.05752605214572909,0.07670722062513328,11.12006,0,1
556,-5.793135,-5.949404,-23.22835,-0.7842476423545337,0.1951990198064474,2.7136117410620035,5.578260869565418,0.0,5.578210894553051,0.21081763128788125,0.038325720805913586,0.0382908316654433,11.14007,0,1
557,-5.659189,-5.960567,-23.12789,-0.7815631514320411,0.19481557096978427,2.7155298579099454,6.697300000000182,-0.5581500000000025,5.023000000000018,0.13422454612463117,-0.019172441833157215,0.0959058423970947,11.16007,0,1
558,-5.514082,-5.982891,-23.02743,-0.7804128049220517,0.19289815225354331,2.7197483187120155,7.255349999999482,-1.1161999999999364,5.022999999999749,0.05751732549946931,-0.09587093581204151,0.21092304010349136,11.18007,0,1
559,-5.368975,-5.994053,-22.93814,-0.7796457327158002,0.1909805590043771,2.7243507519495247,7.2553500000001705,-0.5580999999999955,4.464500000000011,0.0383536103125756,-0.09587966245831257,0.2301216618754647,11.20007,0,1
560,-5.223867,-6.016377,-22.83768,-0.7784952116728855,0.19021366133105083,2.7281852403161566,7.255400000000133,-1.1162000000000354,5.023000000000196,0.05752605214573559,-0.03834488366631443,0.1917244183315999,11.22007,0,1
561,-5.067598,-6.027539,-22.74838,-0.7765777929566445,0.19021366133105083,2.7308695567057235,7.8134500000001665,-0.5580999999999955,4.464999999999992,0.09587093581205001,0.0,0.1342158194783478,11.24007,0,1
562,-4.911328,-6.038701,-22.65908,-0.77542727191373,0.1894465891247993,2.7339378455307295,7.813499999999479,-0.558099999999946,4.464999999999773,0.057526052145724926,-0.03835361031257358,0.15341444125028877,11.26007,0,1
563,-4.732734,-6.061026,-22.58095,-0.775810720750393,0.18829606808188465,2.7381563063328,8.929700000000208,-1.1162500000000424,3.906499999999985,-0.01917244183315444,-0.057526052145734204,0.2109230401035323,11.28007,0,1
564,-4.565303,-6.08335,-22.50281,-0.7769612417933076,0.18752917040855835,2.7419907946994315,8.37155000000016,-1.1162000000000354,3.907000000000144,-0.05752605214573004,-0.03834488366631582,0.1917244183315777,11.30007,0,1
565,-4.409033,-6.094512,-22.43584,-0.7781117628362224,0.18829606808188465,2.7439089115473734,7.8135000000001735,-0.5580999999999955,3.348500000000137,-0.05752605214574114,0.03834488366631582,0.0959058423970947,11.32007,0,1
566,-4.263926,-6.105674,-22.3577,-0.7781117628362224,0.19059711016771397,2.74429113865356,7.255349999999527,-0.558099999999946,3.906999999999619,0.0,0.11505210429145818,0.019111355309318998,11.34007,0,1
567,-4.129981,-6.105674,-22.29073,-0.7769612417933076,0.19328160109020645,2.74429113865356,6.697250000000131,0.0,3.348500000000137,0.05752605214574114,0.134224546124627,0.0,11.36007,0,1
568,-3.984873,-6.116836,-22.20144,-0.7746603742404037,0.1951990198064474,2.7446751110889984,7.255400000000155,-0.5581000000000399,4.464500000000011,0.11504337764519891,0.09587093581205001,0.0191986217719324,11.38007,0,1
569,-3.850928,-6.127998,-22.1233,-0.7712088111116596,0.19673298968602523,2.7454413106306244,6.697250000000131,-0.5580999999999955,3.907000000000144,0.17257815643720678,0.0766984939788928,0.038309977081297505,11.40007,0,1
570,-3.70582,-6.127998,-22.04517,-0.768140871352504,0.19750006189227673,2.746975455043127,7.255399999999511,0.0,3.9064999999998156,0.15339698795777199,0.038353610312572194,0.07670722062513328,11.42007,0,1
571,-3.571875,-6.13916,-21.98936,-0.7658398292666746,0.19750006189227673,2.7492775443265076,6.697250000000153,-0.5581000000000399,2.790499999999933,0.11505210429147118,0.0,0.1151044641690271,11.44007,0,1
572,-3.43793,-6.150322,-21.94471,-0.7646894827566851,0.1971166130556136,2.7519618607160754,6.697250000000131,-0.5580999999999955,2.2325000000000847,0.05751732549947442,-0.019172441833157215,0.1342158194783922,11.46007,0,1
573,-3.292822,-6.161484,-21.91122,-0.7639224105504338,0.19596609201269893,2.755030149541081,7.255400000000155,-0.5580999999999955,1.674500000000059,0.03835361031257005,-0.057526052145734204,0.1534144412502802,11.48007,0,1
574,-3.103066,-6.161484,-21.86657,-0.7643058593870968,0.19289815225354331,2.760014809884777,9.487800000000204,0.0,2.2325000000000847,-0.01917244183315444,-0.15339698795778423,0.2492330171848076,11.50007,0,1
575,-3.002607,-6.161484,-21.85541,-0.7658398292666746,0.19136418237396546,2.7638492982514085,5.022949999999676,0.0,0.5579999999999764,-0.07669849397888322,-0.07669849397888738,0.19172441833156068,11.52007,0,1
576,-2.835176,-6.172647,-21.84425,-0.7696748412320817,0.18791261924522148,2.771136047878485,8.37155000000016,-0.5581500000000469,0.5580000000000259,-0.1917505982703612,-0.17257815643720262,0.3643374813538347,11.54007,0,1
577,-2.667744,-6.183809,-21.84425,-0.7735098531974889,0.185228128322729,2.778422797505561,8.371600000000191,-0.5580999999999955,0.0,-0.1917505982703612,-0.134224546124627,0.3643374813538125,11.56007,0,1
578,-2.533799,-6.194971,-21.84425,-0.7746603742404037,0.18446123064940267,2.7826412583076316,6.693903048475425,-0.5578210894552289,0.0,-0.057497303493990126,-0.03832572080591157,0.21081763128787362,11.58008,0,1
579,-2.366367,-6.194971,-21.83309,-0.7731264043608258,0.18484467948606587,2.785709547132637,8.371600000000191,0.0,0.5580000000000259,0.07669849397889558,0.01917244183315999,0.1534144412502802,11.60008,0,1
580,-2.187773,-6.194971,-21.82192,-0.7696748412320817,0.1859952005289805,2.78916006306383,8.929700000000187,0.0,0.558500000000007,0.17257815643720678,0.057526052145732816,0.17252579655964528,11.62008,0,1
581,-2.020342,-6.194971,-21.82192,-0.7669903503095893,0.18714572157189516,2.792996296759714,8.371550000000184,0.0,0.0,0.13422454612462562,0.057526052145734204,0.1918116847942116,11.64008,0,1
582,-1.841748,-6.194971,-21.83309,-0.7650729315933483,0.18791261924522148,2.797596984667971,8.929699999999393,0.0,-0.5584999999999574,0.09587093581204151,0.0383448836663138,0.23003439541283258,11.66008,0,1
583,-1.651992,-6.206133,-21.85541,-0.7635389617137706,0.18791261924522148,2.8025833903409185,9.487800000000204,-0.5581000000000399,-1.1160000000000518,0.07669849397889003,0.0,0.24932028364737488,11.68008,0,1
584,-1.462236,-6.217295,-21.86657,-0.7623884406708559,0.18752917040855835,2.807568050684614,9.487800000000194,-0.5580999999999955,-0.5580000000000259,0.05752605214573559,-0.019172441833157215,0.24923301718478538,11.70008,0,1
585,-1.283643,-6.228457,-21.8889,-0.7597039497483634,0.18752917040855835,2.8117865114866847,8.92965000000019,-0.5580999999999955,-1.116500000000033,0.13422454612462562,0.0,0.2109230401035323,11.72008,0,1
586,-1.116211,-6.228457,-21.90006,-0.7558691123158814,0.18829606808188465,2.8152387727471293,8.371599999999436,0.0,-0.5579999999999764,0.19174187162408857,0.03834488366631241,0.17261306302221946,11.74008,0,1
587,-0.9487793,-6.228457,-21.92238,-0.7512670281442227,0.1894465891247993,2.8179230891366966,8.371585000000183,0.0,-1.1160000000000518,0.23010420858293681,0.057526052145734204,0.13421581947837,11.76008,0,1
588,-0.7813476,-6.228457,-21.94471,-0.7462816696688261,0.19059711016771397,2.8202234330908253,8.371585000000177,0.0,-1.116500000000033,0.24926792376983561,0.057526052145734204,0.1150171977064376,11.78008,0,1
589,-0.6250781,-6.228457,-21.96703,-0.742446657703419,0.1909805590043771,2.82367569435127,7.81347500000017,0.0,-1.1160000000000518,0.1917505982703612,0.019172441833157215,0.1726130630222348,11.80008,0,1
590,-0.4688086,-6.228457,-22.00052,-0.7409126878238412,0.19059711016771397,2.82789415515334,7.81347499999947,0.0,-1.6744999999999102,0.07669849397888322,-0.01917244183315551,0.21092304010349136,11.82008,0,1
591,-0.3125391,-6.228457,-22.04517,-0.7405292389871782,0.18983003796146244,2.8328788154970366,7.8134750000001665,0.0,-2.232499999999907,0.01917244183315444,-0.03835361031257699,0.2492330171848298,11.84008,0,1
592,-0.1674316,-6.228457,-22.10098,-0.7401457901505148,0.18867969145147298,2.837865221169984,7.2553750000001545,0.0,-2.790500000000111,0.019172441833165542,-0.05751732549947442,0.24932028364737488,11.86008,0,1
593,-0.02232422,-6.239619,-22.14562,-0.7382281969013487,0.18791261924522148,2.842465909078241,7.255369000000155,-0.5581000000000399,-2.2320000000001037,0.09587966245831119,-0.0383536103125756,0.230034395412853,11.88008,0,1
594,0.1116211,-6.239619,-22.20144,-0.7355437059788562,0.18752917040855835,2.845918170338686,6.697265999999548,0.0,-2.790999999999844,0.1342245461246137,-0.01917244183315551,0.17261306302224166,11.90008,0,1
595,0.2344043,-6.239619,-22.24608,-0.7336262872626153,0.18676209820230683,2.849752658705317,6.139160000000131,0.0,-2.231999999999926,0.09587093581205001,-0.03835361031257699,0.19172441833155549,11.92008,0,1
596,0.3571875,-6.228457,-22.3019,-0.7332428384259521,0.1859952005289805,2.8539711195073876,6.13916000000013,0.5581000000000399,-2.791000000000092,0.01917244183315999,-0.038344883666317206,0.2109230401035323,11.94008,0,1
597,0.4911328,-6.239619,-22.36887,-0.7332428384259521,0.18561175169231736,2.8585735527448968,6.697265000000142,-0.5581000000000399,-3.348500000000137,0.0,-0.019172441833157215,0.2301216618754647,11.96008,0,1
598,0.613916,-6.239619,-22.43584,-0.7317088685463744,0.18561175169231736,2.862408041111528,6.139160000000133,0.0,-3.348499999999959,0.07669849397888448,0.0,0.19172441833155549,11.98008,0,1
599,0.7255371,-6.228457,-22.48049,-0.7271069589076409,0.18561175169231736,2.86432615795947,5.581054999999624,0.5580999999999904,-2.2324999999998867,0.23009548193666074,0.0,0.09590584239710839,12.00008,0,1
600,0.8259961,-6.217295,-22.52514,-0.7205874560197413,0.185228128322729,2.8666265019135984,5.020439780110145,0.5578210894552784,-2.231384307846204,0.32581223827585504,-0.01917158268807471,0.11495971784749383,12.02009,0,1
601,0.9264551,-6.194971,-22.56979,-0.7152184741747563,0.18446123064940267,2.869694790738605,5.0229500000001055,1.1162000000000354,-2.2325000000000847,0.2684490922492568,-0.038344883666317206,0.1534144412503246,12.04009,0,1
602,1.015752,-6.183809,-22.6256,-0.7129176066218521,0.18331070960648801,2.8746794510823004,4.464844999999699,0.558099999999946,-2.7904999999996853,0.11504337764519978,-0.05752605214572909,0.24923301718476326,12.06009,0,1
603,1.116211,-6.172647,-22.69257,-0.7133010554585154,0.18139329089024706,2.880048083861435,5.022950000000111,0.5580999999999955,-3.348500000000137,-0.019172441833165542,-0.09587093581205001,0.26843163895674,12.08009,0,1
604,1.21667,-6.183809,-22.7707,-0.7152184741747563,0.17985932101066926,2.8850344895343825,5.0229500000001,-0.5580999999999955,-3.906500000000163,-0.09587093581204446,-0.07669849397889142,0.24932028364737488,12.10009,0,1
605,1.305967,-6.183809,-22.84884,-0.716368995217671,0.17909224880441774,2.8884850054655753,4.464850000000104,0.0,-3.9069999999999663,-0.05752605214573559,-0.03835361031257699,0.17252579655964528,12.12009,0,1
606,1.395264,-6.172647,-22.91581,-0.7167524440543341,0.17832535113109144,2.891171067184395,4.4648499999996965,0.558099999999946,-3.3484999999998393,-0.019172441833158287,-0.03834488366631241,0.13430308594096976,12.14009,0,1
607,1.495723,-6.172647,-22.98278,-0.7167524440543341,0.17794172776150308,2.8934714111385236,5.0229500000001,0.0,-3.348500000000137,0.0,-0.019181168479418385,0.1150171977064376,12.16009,0,1
608,1.607344,-6.172647,-23.06092,-0.7167524440543341,0.17640775788192525,2.8976898719405932,5.581050000000128,0.0,-3.9069999999999663,0.0,-0.0766984939788928,0.2109230401034879,12.18009,0,1
609,1.730127,-6.172647,-23.12789,-0.7171360674239224,0.17410682051585105,2.903058504719728,6.139150000000124,0.0,-3.348500000000137,-0.01918116847941561,-0.11504686830371254,0.26843163895674,12.20009,0,1
610,1.841748,-6.161484,-23.20603,-0.7167524440543341,0.17218934943973252,2.9088111099343013,5.581049999999622,0.5581499999999974,-3.906999999999619,0.019181168479413906,-0.09587355380592014,0.28763026072864684,12.22009,0,1
611,1.953369,-6.150322,-23.28416,-0.7156020975443447,0.1710388633034029,2.9134135431718104,5.5810500000001175,0.5580999999999955,-3.906500000000163,0.05751732549947442,-0.05752430681648225,0.2301216618754647,12.24009,0,1
612,2.087314,-6.150322,-23.39578,-0.7136845042951785,0.17027186091032145,2.917632003973881,6.697250000000153,0.0,-5.581000000000044,0.09587966245831119,-0.038350119654073075,0.2109230401035323,12.26009,0,1
613,2.154287,-6.13916,-23.46275,-0.7136845042951785,0.16988837716707328,2.9199323479280093,3.348650000000069,0.5580999999999955,-3.348500000000137,0.0,-0.01917418716240917,0.1150171977064154,12.28009,0,1
614,2.254746,-6.13916,-23.55205,-0.7136845042951785,0.1679708886376622,2.92415080873008,5.022949999999653,0.0,-4.464999999999773,0.0,-0.09587442647054681,0.21092304010351356,12.30009,0,1
615,2.355205,-6.127998,-23.65251,-0.7129176066218521,0.1660534175615437,2.929519441509214,5.022950000000122,0.5581000000000399,-5.023000000000018,0.03834488366631998,-0.09587355380592726,0.2684316389567178,12.32009,0,1
616,2.444502,-6.116836,-23.74181,-0.7106165645360228,0.16413594648542518,2.9352720467237874,4.464850000000082,0.5580999999999955,-4.4650000000001695,0.11505210429146563,-0.09587355380592864,0.28763026072867237,12.34009,0,1
617,2.511475,-6.105674,-23.81994,-0.7071651759402041,0.16336896154563627,2.939490507525858,3.348650000000069,0.5581000000000399,-3.906499999999985,0.17256942979094006,-0.0383492469894464,0.2109230401035323,12.36009,0,1
618,2.578447,-6.094512,-23.90924,-0.7033301639747969,0.16260195915255485,2.942174823915425,3.348600000000084,0.5580999999999955,-4.4650000000001695,0.19175059827036675,-0.03835011965407169,0.1342158194783478,12.38009,0,1
619,2.634258,-6.08335,-23.99854,-0.7006456730523044,0.16183497421276594,2.9440929407633667,2.7905499999998034,0.558099999999946,-4.464999999999596,0.1342245461246137,-0.038349246989442996,0.09590584239708619,12.40009,0,1
620,2.701231,-6.072187,-24.11016,-0.7002622242156413,0.16068448807643632,2.94562708517587,3.348650000000069,0.5581500000000469,-5.581000000000222,0.01917244183315444,-0.05752430681648225,0.0767072206251623,12.42009,0,1
621,2.779365,-6.061026,-24.22178,-0.7006456730523044,0.15876701700031776,2.947927429129998,3.9067000000000798,0.5580499999999885,-5.581000000000044,-0.01917244183315444,-0.09587355380593003,0.1150171977064154,12.44009,0,1
622,2.879824,-6.038701,-24.37805,-0.7010292964218928,0.15684952847090672,2.9509957179550046,5.020439780109716,1.115692153923003,-7.809595202398561,-0.019171582688075783,-0.09582651321394026,0.15333777236413182,12.4601,0,1
623,2.935635,-6.027539,-24.45618,-0.7006456730523044,0.15608254353111783,2.9525298623675074,2.790550000000051,0.5580999999999955,-3.906499999999985,0.01918116847942116,-0.038349246989445016,0.0767072206251401,12.4801,0,1
624,3.002607,-6.016377,-24.5678,-0.7002622242156413,0.1556990423345771,2.9552141787570747,3.348600000000062,0.5580999999999955,-5.581000000000044,0.01917244183315444,-0.01917505982703723,0.13421581947837,12.5001,0,1
625,3.080742,-6.005215,-24.69059,-0.6991117031727266,0.15493205739478821,2.9586646946882675,3.9067500000000868,0.5581000000000399,-6.139500000000228,0.05752605214573559,-0.038349246989445016,0.17252579655964528,12.5201,0,1
626,3.158877,-5.994053,-24.81337,-0.6971942844564856,0.15416507245499927,2.9621169559487126,3.9067499999997395,0.558099999999946,-6.138999999999524,0.09587093581204706,-0.038349246989444384,0.17261306302224166,12.5401,0,1
627,3.237012,-5.971728,-24.94732,-0.6948932423706563,0.15224760137888077,2.9648012723382795,3.9067500000000868,1.1162500000000424,-6.697500000000255,0.11505210429146563,-0.09587355380592726,0.1342158194783478,12.5601,0,1
628,3.315146,-5.960567,-25.08126,-0.6922087514481639,0.14994662910622153,2.9674855887278473,3.9067000000000798,0.5580499999999885,-6.697000000000096,0.13422454612462562,-0.1150486136329645,0.1342158194783922,12.5801,0,1
629,3.393281,-5.938242,-25.22637,-0.6910584049381744,0.14726215563702155,2.970169905117414,3.9067500000000868,1.1162500000000424,-7.255500000000103,0.05751732549947442,-0.13422367346000172,0.1342158194783478,12.6001,0,1
630,3.449092,-5.92708,-25.37148,-0.6914418537748376,0.14534468456090302,2.97323819394242,2.7905499999998034,0.558099999999946,-7.255499999999459,-0.019172441833158287,-0.09587355380592014,0.15341444125028877,12.6201,0,1
631,3.516064,-5.904756,-25.51658,-0.6929758236544155,0.1441941984245734,2.976306482767426,3.348600000000084,1.1162000000000354,-7.255000000000299,-0.07669849397889558,-0.05752430681648225,0.1534144412503024,12.6401,0,1
632,3.571875,-5.882432,-25.67285,-0.69412634469733,0.1438106972280327,2.9789907991569935,2.790550000000051,1.1162000000000354,-7.813500000000129,-0.05752605214573004,-0.019175059827035844,0.13421581947837,12.6601,0,1
633,3.627686,-5.860107,-25.81796,-0.6933592724910785,0.1441941984245734,2.9820590879819995,2.7905500000000734,1.116249999999998,-7.255500000000103,0.0383536103125756,0.019175059827035844,0.1534144412503024,12.6801,0,1
634,3.694658,-5.837783,-25.96307,-0.6899078838952597,0.1438106972280327,2.9855096039131923,3.3485999999997644,1.1161999999999364,-7.255499999999459,0.17256942979093026,-0.01917505982703414,0.17252579655962996,12.7001,0,1
635,3.739307,-5.815459,-26.1305,-0.6826214833340338,0.14304371228824378,2.9912622091277656,2.2324500000000556,1.1162000000000354,-8.371500000000331,0.36432002806130126,-0.0383492469894464,0.28763026072867237,12.7201,0,1
636,3.761631,-5.804297,-26.2198,-0.6791699202052899,0.14266021109170307,2.993946525517333,1.1162000000000132,0.5580999999999955,-4.464999999999992,0.17257815643720123,-0.019175059827035844,0.13421581947837,12.7401,0,1
637,3.795117,-5.781973,-26.35374,-0.6741845617298932,0.14189322615191416,2.998164986319403,1.674300000000031,1.1162000000000354,-6.697000000000096,0.24926792376984117,-0.0383492469894464,0.2109230401035101,12.7601,0,1
638,3.839766,-5.781973,-26.47652,-0.6699661009278229,0.13997575507579563,3.0008493027089704,2.2324500000000556,0.0,-6.139000000000247,0.21092304010351565,-0.09587355380592864,0.13421581947837,12.7801,0,1
639,3.873252,-5.770811,-26.59931,-0.6661310889624158,0.1376747828031364,3.0035336190985378,1.6742999999998822,0.558099999999946,-6.139499999999505,0.19175059827034419,-0.11504861363295427,0.1342158194783581,12.8001,0,1
640,3.895576,-5.759648,-26.72209,-0.6619126281603455,0.13537381053047715,3.0058357083819183,1.1162000000000354,0.5581500000000025,-6.139000000000247,0.2109230401035212,-0.1150486136329645,0.1151044641690271,12.8201,0,1
641,3.906738,-5.737324,-26.83371,-0.6569272696849489,0.1330728382578179,3.0089039972069243,0.5580999999999955,1.1162000000000354,-5.581000000000044,0.24926792376983561,-0.1150486136329645,0.1534144412503024,12.8401,0,1
642,3.9179,-5.703838,-26.95649,-0.6511748390033008,0.13077186598515866,3.012354513138117,0.5581000000000177,1.674300000000031,-6.1390000000000695,0.2876215340824112,-0.1150486136329645,0.17252579655964528,12.8601,0,1
643,3.9179,-5.681514,-27.07928,-0.6454224083216527,0.1288543949090401,3.015422801963123,0.0,1.1156421789105022,-6.136431784107746,0.2874777951847987,-0.09582564098543062,0.15333777236410961,12.88011,0,1
644,3.9179,-5.670352,-27.20206,-0.6412039475195824,0.12693690637962907,3.018491090788129,0.0,0.5580999999999955,-6.1390000000000695,0.21092304010351565,-0.09587442647055393,0.1534144412503024,12.90011,0,1
645,3.9179,-5.648027,-27.32484,-0.6400534264766676,0.12616992143984015,3.0207914347422578,0.0,1.1162500000000424,-6.1390000000000695,0.05752605214574114,-0.0383492469894464,0.1150171977064376,12.92011,0,1
646,3.906738,-5.625703,-27.45879,-0.6415873963562455,0.12616992143984015,3.021941606719322,-0.5580999999999682,1.1161999999999364,-6.69749999999966,-0.07669849397888877,0.0,0.05750859885320259,12.94011,0,1
647,3.895576,-5.603379,-27.6039,-0.6438884384420749,0.12770390877271048,3.022325579154761,-0.5580999999999955,1.116199999999991,-7.255500000000103,-0.11505210429147118,0.07669936664351809,0.019198621771954603,12.96011,0,1
648,3.873252,-5.581055,-27.73784,-0.6454224083216527,0.12962137984882904,3.021941606719322,-1.1162000000000354,1.1162000000000354,-6.697000000000096,-0.07669849397889003,0.09587355380593003,-0.019198621771954603,12.98011,0,1
649,3.86209,-5.581055,-27.87179,-0.6458058571583158,0.13153885092494758,3.0215593796131355,-0.5581000000000177,0.0,-6.697500000000255,-0.01917244183315999,0.09587355380592864,-0.019111355309320694,13.00011,0,1
650,3.806279,-5.558731,-28.09503,-0.6454224083216527,0.1326893370612772,3.023475751131825,-2.7905499999998034,1.1161999999999364,-11.161999999999274,0.019172441833158287,0.05752430681647713,0.09581857593447449,13.02011,0,1
651,3.795117,-5.547568,-28.13968,-0.6450389594849896,0.1330728382578179,3.0242436960027024,-0.5581000000000177,0.5581500000000025,-2.232499999999907,0.01917244183315444,0.019175059827035844,0.0383972435438648,13.04011,0,1
652,3.761631,-5.525244,-28.26246,-0.6435049896054117,0.1330728382578179,3.026544039956831,-1.674300000000031,1.1162000000000354,-6.139000000000247,0.07669849397889558,0.0,0.1150171977064376,13.06011,0,1
653,3.716982,-5.50292,-28.38524,-0.6396699776400046,0.13383982319760682,3.027694211933895,-2.2324500000000556,1.1162000000000354,-6.1390000000000695,0.1917505982703612,0.0383492469894464,0.0575085988532077,13.08011,0,1
654,3.683496,-5.491758,-28.49686,-0.6343009957950196,0.13537381053047715,3.027694211933895,-1.6742999999998822,0.558099999999946,-5.580999999999726,0.2684490922492274,0.07669936664351128,0.0,13.10011,0,1
655,3.65001,-5.469434,-28.60849,-0.6289321884829598,0.13652429666680677,3.0280781843693343,-1.674300000000031,1.1162000000000354,-5.581500000000025,0.2684403656029956,0.05752430681648225,0.019198621771954603,13.12011,0,1
656,3.616524,-5.447109,-28.70895,-0.623946655474638,0.13729128160659568,3.0292283563463984,-1.674300000000031,1.116249999999998,-5.023000000000196,0.24927665041609678,0.0383492469894464,0.0575085988532077,13.14011,0,1
657,3.583037,-5.424785,-28.82057,-0.6197281946725677,0.13652429666680677,3.0319126727359658,-1.674350000000038,1.1162000000000354,-5.581000000000044,0.2109230401035212,-0.0383492469894464,0.13421581947837,13.16011,0,1
658,3.538389,-5.402461,-28.95451,-0.614359387360508,0.13422332439414753,3.0365151059734745,-2.2323999999998505,1.1161999999999364,-6.696999999999501,0.26844036560296625,-0.11504861363295427,0.23012166187542205,13.18011,0,1
659,3.49374,-5.391299,-29.05497,-0.6112912730684272,0.1330728382578179,3.038815449927603,-2.2324500000000556,0.5580999999999955,-5.023000000000196,0.15340571460404123,-0.05752430681648225,0.1150171977064376,13.20011,0,1
660,3.449092,-5.368975,-29.16659,-0.6116748964380155,0.13192235212148828,3.038815449927603,-2.2324000000000486,1.1162000000000354,-5.581000000000044,-0.01918116847941561,-0.05752430681648225,0.0,13.22011,0,1
661,3.393281,-5.357812,-29.27821,-0.6151262850338344,0.13115534972840684,3.0376652779505386,-2.790550000000051,0.5581500000000025,-5.581000000000222,-0.1725694297909456,-0.038350119654073075,-0.057508598853229904,13.24011,0,1
662,3.337471,-5.346651,-29.41216,-0.6220292367583972,0.13038836478861796,3.035747161102597,-2.7905000000000664,0.5580500000000329,-6.697500000000077,-0.34514758622814684,-0.038349246989445016,-0.0959058423970947,13.26011,0,1
663,3.28166,-5.346651,-29.53494,-0.6289321884829598,0.12962137984882904,3.0342147620193463,-2.7905499999998034,0.0,-6.138999999999524,-0.3451475862281106,-0.038349246989442996,-0.07661995416252158,13.28011,0,1
664,3.203525,-5.357812,-29.64656,-0.6343009957950196,0.12923787865228833,3.0334468171484685,-3.9067500000000868,-0.5580500000000329,-5.581000000000222,-0.2684403656029956,-0.019175059827035844,-0.038397243543887,13.30011,0,1
665,3.125391,-5.346651,-29.74702,-0.6377525589237635,0.12962137984882904,3.0338307895839076,-3.90474762618706,0.557771114442822,-5.020489755122552,-0.17249191048195794,0.01916547708849196,0.019189027258325803,13.32012,0,1
666,3.047256,-5.335488,-29.84748,-0.6400534264766676,0.13000486359207722,3.0342147620193463,-3.9067499999997395,0.558149999999953,-5.022999999999749,-0.11504337764519978,0.019174187162407468,0.019198621771930692,13.34012,0,1
667,2.980283,-5.324326,-29.94794,-0.6415873963562455,0.13077186598515866,3.0342147620193463,-3.348650000000069,0.5580999999999955,-5.023000000000018,-0.07669849397889558,0.038350119654073075,0.0,13.36012,0,1
668,2.913311,-5.302002,-30.05956,-0.6435049896054117,0.13115534972840684,3.0338307895839076,-3.348600000000062,1.1162000000000354,-5.581000000000222,-0.09587966245831119,0.01917418716240917,-0.0191986217719324,13.38012,0,1
669,2.835176,-5.279678,-30.18234,-0.6454224083216527,0.13077186598515866,3.0334468171484685,-3.9067500000000868,1.1162000000000354,-6.1390000000000695,-0.09587093581205001,-0.01917418716240917,-0.019198621771954603,13.40012,0,1
670,2.745879,-5.279678,-30.29396,-0.6469563782012304,0.13000486359207722,3.0334468171484685,-4.464849999999708,0.0,-5.580999999999548,-0.07669849397888322,-0.03835011965406967,0.0,13.42012,0,1
671,2.64542,-5.268516,-30.40559,-0.6481068992441451,0.12962137984882904,3.032680617606843,-5.0229500000001,0.5580999999999955,-5.581500000000203,-0.05752605214573559,-0.01917418716240917,-0.0383099770812753,13.44012,0,1
672,2.544961,-5.246192,-30.52837,-0.6492574202870599,0.13000486359207722,3.03114647319434,-5.022950000000122,1.1162000000000354,-6.1390000000000695,-0.05752605214574114,0.01917418716240917,-0.0767072206251623,13.46012,0,1
673,2.455664,-5.223867,-30.65115,-0.649640869123723,0.13038836478861796,3.0288443839109593,-4.464850000000082,1.116249999999998,-6.139000000000247,-0.01917244183315444,0.01917505982703723,-0.1151044641690271,13.48012,0,1
674,2.366367,-5.212705,-30.76277,-0.6484903480808083,0.13038836478861796,3.0273102394984566,-4.464849999999708,0.5580999999999904,-5.580999999999548,0.05752605214573048,0.0,-0.07670722062513328,13.50012,0,1
675,2.265908,-5.201543,-30.86323,-0.6446555106483264,0.13000486359207722,3.0273102394984566,-5.0229500000001,0.5580999999999955,-5.023000000000196,0.19174187162410003,-0.01917505982703723,0.0,13.52012,0,1
676,2.176611,-5.190381,-30.96369,-0.6408204986829192,0.12962137984882904,3.028462156804773,-4.464850000000104,0.5580999999999955,-5.023000000000018,0.1917505982703612,-0.01917418716240917,0.0575958653158194,13.54012,0,1
677,2.087314,-5.168056,-31.07531,-0.6377525589237635,0.12923787865228833,3.0288443839109593,-4.464850000000082,1.1162500000000424,-5.581000000000222,0.15339698795779116,-0.019175059827035844,0.019111355309320694,13.56012,0,1
678,1.986856,-5.156895,-31.20926,-0.6366020378808489,0.1284708937124994,3.027694211933895,-5.022899999999669,0.5580499999999834,-6.697499999999482,0.057526052145724926,-0.038349246989444384,-0.05750859885320259,13.58012,0,1
679,1.886397,-5.13457,-31.33204,-0.6354515168379342,0.12770390877271048,3.025777840415205,-5.0229500000001,1.116249999999998,-6.1390000000000695,0.05752605214573559,-0.0383492469894464,-0.0958185759345052,13.60012,0,1
680,1.774775,-5.123408,-31.4325,-0.6339175469583564,0.12616992143984015,3.025009895544328,-5.5811000000001245,0.5580999999999955,-5.023000000000196,0.07669849397889003,-0.07669936664351809,-0.0383972435438648,13.62012,0,1
681,1.663154,-5.089922,-31.53296,-0.631233056035864,0.12463593410696983,3.025777840415205,-5.5810500000001175,1.6743000000000754,-5.023000000000018,0.13422454612462562,-0.07669936664351809,0.0383972435438648,13.64012,0,1
682,1.551533,-5.067598,-31.63342,-0.6277816674400452,0.1234854479706402,3.0273102394984566,-5.5810500000001175,1.116199999999991,-5.023000000000196,0.1725694297909456,-0.05752430681648225,0.0766199541625728,13.66012,0,1
683,1.439912,-5.045273,-31.73388,-0.6247137276808896,0.12233496183431058,3.0280781843693343,-5.581049999999622,1.1162499999999433,-5.022999999999572,0.15339698795776643,-0.05752430681647713,0.03839724354388359,13.68012,0,1
684,1.305967,-5.034111,-31.83434,-0.6231797578013117,0.12118447569798096,3.027694211933895,-6.697250000000142,0.5580999999999955,-5.023000000000196,0.07669849397889558,-0.05752430681648225,-0.019198621771954603,13.70012,0,1
685,1.172022,-5.022949,-31.9348,-0.6243301043113011,0.12041749075819205,3.0261600675213924,-6.697250000000153,0.5581000000000399,-5.023000000000018,-0.05751732549946887,-0.0383492469894464,-0.0767072206251401,13.72012,0,1
686,1.015752,-5.000625,-32.02409,-0.6258642487238042,0.12041749075819205,3.0253938679797665,-7.813500000000162,1.116199999999991,-4.464500000000188,-0.07670722062515675,0.0,-0.038309977081297505,13.74012,0,1
687,0.8706445,-4.989463,-32.11339,-0.6266311463971306,0.12041749075819205,3.0253938679797665,-7.251749125436927,0.5578210894552733,-4.462768615692012,-0.03832572080591434,0.0,0.0,13.76013,0,1
688,0.6697266,-4.967139,-32.23617,-0.6247137276808896,0.12003398956165134,3.0246259231088892,-10.045895000000218,1.116199999999991,-6.1390000000000695,0.09587093581205001,-0.019175059827035844,-0.0383972435438648,13.78013,0,1
689,0.5581055,-4.967139,-32.29198,-0.6235632066379748,0.11965050581840316,3.0242436960027024,-5.581055000000115,0.0,-2.790500000000111,0.05752605214574114,-0.019174187162409866,-0.0191113553093429,13.80013,0,1
690,0.3906738,-4.955976,-32.37012,-0.623946655474638,0.11965050581840316,3.022325579154761,-8.371584999999437,0.5581499999999974,-3.906999999999619,-0.019172441833158287,0.0,-0.09590584239706398,13.82013,0,1
691,0.2344043,-4.933652,-32.45942,-0.6273982186033821,0.12041749075819205,3.0192572903297545,-7.8134750000001665,1.116199999999991,-4.4650000000001695,-0.17257815643720678,0.03834924698944571,-0.1534144412503246,13.84013,0,1
692,0.06697266,-4.900166,-32.53755,-0.6323835770787786,0.12233496183431058,3.015422801963123,-8.371582000000178,1.6743000000000754,-3.906500000000163,-0.24926792376983006,0.09587355380592864,-0.1917244183315777,13.86013,0,1
693,-0.08929688,-4.877842,-32.62685,-0.6358349656745975,0.12386894916718091,3.010820368725614,-7.813477000000166,1.116199999999991,-4.464999999999814,-0.17256942979095116,0.07669936664351809,-0.2301216618754647,13.88013,0,1
694,-0.2567285,-4.877842,-32.69382,-0.635068068001271,0.12501943530351053,3.0077520799006083,-8.371580999999436,0.0,-3.348500000000017,0.038344883666322126,0.05752430681647713,-0.15341444125026657,13.90013,0,1
695,-0.4241602,-4.877842,-32.74963,-0.6316165048725272,0.12540293650005124,3.006219680817357,-8.371585000000177,0.0,-2.790500000000111,0.17257815643719568,0.019175059827035844,-0.0766199541625728,13.92013,0,1
696,-0.6027539,-4.86668,-32.80544,-0.629315637319623,0.12693690637962907,3.0043015639694155,-8.92968500000019,0.5581000000000399,-2.7904999999997555,0.11504337764521001,0.0766984939788928,-0.09590584239707249,13.94013,0,1
697,-0.7701855,-4.844356,-32.87241,-0.631233056035864,0.1288543949090401,3.001233275144409,-8.37158000000018,1.116199999999991,-3.3485000000003144,-0.09587093581205001,0.09587442647055393,-0.1534144412503246,13.96013,0,1
698,-0.9487793,-4.822031,-32.96171,-0.6358349656745975,0.13115534972840684,2.9970148143423385,-8.929689999999399,1.1162499999999433,-4.464999999999418,-0.23009548193666074,0.11504774096832898,-0.21092304010351356,13.98013,0,1
699,-1.105049,-4.810869,-33.02868,-0.6392865288033414,0.13230583586473646,2.993564298411146,-7.813485000000164,0.5580999999999955,-3.3485000000003144,-0.17257815643719568,0.05752430681648225,-0.17252579655962308,14.00013,0,1
700,-1.261318,-4.822031,-33.08449,-0.6408204986829192,0.13192235212148828,2.9912622091277656,-7.8134500000001665,-0.5580999999999955,-2.790500000000111,-0.07669849397889558,-0.01917418716240917,-0.1151044641690271,14.02013,0,1
701,-1.42875,-4.822031,-33.11798,-0.6415873963562455,0.13115534972840684,2.9885778927381983,-8.37160000000018,0.0,-1.674500000000059,-0.03834488366631443,-0.038350119654073075,-0.13421581947837,14.04013,0,1
702,-1.596182,-4.799707,-33.16263,-0.644271887278738,0.13077186598515866,2.9851273768070055,-8.37160000000018,1.1162000000000354,-2.232499999999907,-0.13422454612462562,-0.01917418716240917,-0.17252579655964528,14.06013,0,1
703,-1.774775,-4.777383,-33.20728,-0.6481068992441451,0.13115534972840684,2.981291143111122,-8.929649999999397,1.116199999999892,-2.232499999999709,-0.19175059827034419,0.019174187162407468,-0.19181168479415017,14.08013,0,1
704,-1.953369,-4.766221,-33.25192,-0.6515582878399638,0.13153885092494758,2.976690455202865,-8.929700000000187,0.5581000000000399,-2.2320000000001037,-0.17256942979094006,0.01917505982703723,-0.2300343954128752,14.10013,0,1
705,-2.131963,-4.766221,-33.26308,-0.6546262275991196,0.13153885092494758,2.9724719944007947,-8.929700000000187,0.0,-0.5580000000002036,-0.15339698795779116,0.0,-0.2109230401035101,14.12013,0,1
706,-2.332881,-4.777383,-33.27425,-0.6565438208482858,0.13230583586473646,2.96901973314035,-10.045900000000222,-0.5581000000000399,-0.558500000000007,-0.09587966245831119,0.038349246989445016,-0.1726130630222348,14.14013,0,1
707,-2.533799,-4.766221,-33.27425,-0.6584612395645266,0.1330728382578179,2.9659514443153436,-10.04589999999933,0.5580999999999904,0.0,-0.09587093581203596,0.03835011965406967,-0.15341444125031098,14.16013,0,1
708,-2.712393,-4.755059,-33.27425,-0.6607622816503561,0.13345632200106608,2.9617329835132735,-8.929700000000187,0.5580999999999955,0.0,-0.11505210429147673,0.01917418716240917,-0.2109230401035101,14.18013,0,1
709,-2.890986,-4.743896,-33.28541,-0.6634467725728486,0.13383982319760682,2.9559803782987,-8.9251874062972,0.5578710644677791,-0.5577211394301438,-0.13415746739093268,0.01916547708849335,-0.28748651746994286,14.20014,0,1
710,-3.06958,-4.732734,-33.27425,-0.6668981611686673,0.13383982319760682,2.9509957179550046,-8.929699999999416,0.5580999999999904,0.5579999999997988,-0.1725694297909247,0.0,-0.24923301718476326,14.22014,0,1
711,-3.259336,-4.732734,-33.24076,-0.6703495497644861,0.13422332439414753,2.94562708517587,-9.487800000000181,0.0,1.674500000000059,-0.1725694297909456,0.019175059827035844,-0.26843163895674,14.24014,0,1
712,-3.449092,-4.721572,-33.21844,-0.6745680105665565,0.13499030933393644,2.939490507525858,-9.487800000000204,0.5580999999999955,1.1160000000000518,-0.2109230401035212,0.0383492469894464,-0.3068288825006048,14.26014,0,1
713,-3.627686,-4.721572,-33.18495,-0.677635950325712,0.13537381053047715,2.9337379023112846,-8.929700000000208,0.0,1.674500000000059,-0.15339698795778006,0.019175059827035844,-0.28763026072867237,14.28014,0,1
714,-3.817441,-4.732734,-33.1403,-0.6795535435748782,0.13499030933393644,2.928753241967589,-9.487749999999354,-0.558099999999946,2.232499999999709,-0.09587966245830268,-0.01917505982703414,-0.24923301718476326,14.30014,0,1
715,-3.996035,-4.755059,-33.09565,-0.6810875134544561,0.13499030933393644,2.9245347811655185,-8.929700000000187,-1.1162500000000424,2.2325000000002624,-0.07669849397889558,0.0,-0.2109230401035323,14.32014,0,1
716,-4.196953,-4.755059,-33.05101,-0.6830049321706969,0.13652429666680677,2.9195483754925706,-10.0459000000002,0.0,2.2320000000001037,-0.09587093581204446,0.07669936664351809,-0.24932028364739708,14.34014,0,1
717,-4.364385,-4.755059,-32.99519,-0.6841554532136116,0.1384417677429253,2.914947687584313,-8.371600000000212,0.0,2.790999999999914,-0.05752605214573559,0.09587355380592864,-0.2300343954128752,14.36014,0,1
718,-4.554141,-4.755059,-32.91706,-0.6841554532136116,0.13997575507579563,2.9103452543468045,-9.48779999999936,0.0,3.9064999999998156,0.0,0.07669936664351128,-0.23012166187542205,14.38014,0,1
719,-4.732734,-4.766221,-32.83892,-0.6822380344973706,0.13997575507579563,2.9057428211092953,-8.929650000000157,-0.5580999999999955,3.9069999999999663,0.09587093581205001,0.0,-0.2301216618754647,14.40014,0,1
720,-4.911328,-4.777383,-32.74963,-0.6799369924115414,0.13997575507579563,2.901908332742664,-8.929700000000208,-0.5581000000000399,4.464500000000011,0.11505210429146563,0.0,-0.1917244183315777,14.42014,0,1
721,-5.089922,-4.788545,-32.64917,-0.6784030225319635,0.14112624121212525,2.8976898719405932,-8.929700000000164,-0.5580999999999955,5.023000000000374,0.07669849397889558,0.05752430681648225,-0.2109230401035323,14.44014,0,1
722,-5.279678,-4.788545,-32.53755,-0.6780195736953003,0.14304371228824378,2.8930874387030845,-9.48779999999936,0.0,5.580999999999371,0.019172441833158287,0.09587355380592014,-0.23012166187542205,14.46014,0,1
723,-5.447109,-4.766221,-32.43709,-0.6784030225319635,0.1449611833643623,2.8877188059239502,-8.371550000000205,1.1162000000000354,5.023000000000374,-0.01917244183315999,0.09587355380592864,-0.2684316389567178,14.48014,0,1
724,-5.614541,-4.755059,-32.32547,-0.6784030225319635,0.14687865444048084,2.8823501731448156,-8.371600000000168,0.5580999999999955,5.580999999999866,0.0,0.09587355380592864,-0.26843163895674,14.50014,0,1
725,-5.781973,-4.766221,-32.20269,-0.6768690526523857,0.14764565683356226,2.878131712342745,-8.371600000000168,-0.5580999999999955,6.139000000000425,0.07669849397889003,0.03835011965407169,-0.2109230401035323,14.52014,0,1
726,-6.016377,-4.788545,-32.02409,-0.6745680105665565,0.1495631279096808,2.871612907586546,-11.720200000000276,-1.1162000000000354,8.929999999999984,0.11505210429146563,0.09587355380592864,-0.3259402378099477,14.54014,0,1
727,-6.13916,-4.799707,-31.9348,-0.6730340406869786,0.1507136140460104,2.86854461876154,-6.1391499999995895,-0.558099999999946,4.464499999999792,0.07669849397888877,0.05752430681647713,-0.15341444125028877,14.56014,0,1
728,-6.306592,-4.810869,-31.80085,-0.6707331731340744,0.15301458631866965,2.8639421855240315,-8.371600000000168,-0.5581000000000399,6.697500000000077,0.11504337764521001,0.1150486136329645,-0.2301216618754425,14.58014,0,1
729,-6.462862,-4.810869,-31.65574,-0.6684321310482452,0.15493205739478821,2.859723724721961,-7.8135000000001735,0.0,7.255500000000103,0.11505210429146563,0.09587355380593003,-0.2109230401035323,14.60014,0,1
730,-6.585645,-4.822031,-31.51064,-0.6672816100053304,0.15646604472765852,2.8539711195073876,-6.139150000000135,-0.5580999999999955,7.255000000000299,0.05752605214574114,0.0766993666435167,-0.28763026072867237,14.62014,0,1
731,-6.686103,-4.822031,-31.35436,-0.6676650588419936,0.15876701700031776,2.8474523147511888,-5.020389805097193,0.0,7.810094952523302,-0.01916286040295717,0.1149911180739195,-0.3257773491353572,14.64015,0,1
732,-6.797725,-4.810869,-31.1981,-0.6684321310482452,0.16106798927297702,2.8420836819720545,-5.581100000000102,0.5580999999999955,7.813000000000148,-0.03835361031258115,0.11504861363296588,-0.2684316389567178,14.66015,0,1
733,-6.909346,-4.810869,-31.03066,-0.6688155798849083,0.16298546034909556,2.839015393147048,-5.58105000000014,0.0,8.372000000000135,-0.01917244183315444,0.09587355380592864,-0.1534144412503246,14.68015,0,1
734,-7.009805,-4.822031,-30.85207,-0.668048682211582,0.16375244528888447,2.8370972762991062,-5.022949999999653,-0.558099999999946,8.929499999999388,0.03834488366631102,0.038349246989442996,-0.09590584239708619,14.70015,0,1
735,-7.099102,-4.844356,-30.66232,-0.6665147123320041,0.16336896154563627,2.835947104322042,-4.464850000000104,-1.1162500000000424,9.487500000000207,0.07669849397889558,-0.01917418716241056,-0.0575085988532077,14.72015,0,1
736,-7.188398,-4.86668,-30.4614,-0.6657476401257527,0.16336896154563627,2.8344129599095393,-4.464800000000097,-1.116199999999991,10.046000000000214,0.03835361031257005,0.0,-0.0767072206251401,14.74015,0,1
737,-7.288857,-4.889004,-30.24932,-0.6649807424524262,0.16375244528888447,2.8321126159554106,-5.0229500000001,-1.1162000000000354,10.604000000000239,0.03834488366632553,0.01917418716241056,-0.1150171977064376,14.76015,0,1
738,-7.378154,-4.911328,-30.0484,-0.6645971190828379,0.1649029314252141,2.8282763822595274,-4.464849999999708,-1.1161999999999364,10.04599999999932,0.019181168479413906,0.05752430681647713,-0.19181168479415017,14.78015,0,1
739,-7.478613,-4.944815,-29.84748,-0.6638302214095116,0.1656699338182955,2.8244418938928955,-5.0229500000001,-1.674350000000038,10.046000000000214,0.03834488366631443,0.03835011965407169,-0.1917244183315999,14.80015,0,1
740,-7.556748,-4.978301,-29.62424,-0.6619126281603455,0.1656699338182955,2.82137360506789,-3.9067500000000646,-1.674300000000031,11.162000000000265,0.09587966245831119,0.0,-0.1534144412502802,14.82015,0,1
741,-7.646045,-5.000625,-29.37867,-0.6592283117707782,0.1656699338182955,2.8190732611137608,-4.464850000000104,-1.1162000000000354,12.278500000000298,0.13421581947836445,0.0,-0.11501719770645981,14.84015,0,1
742,-7.72418,-5.011787,-29.13311,-0.657310718521612,0.1660534175615437,2.816388944724194,-3.9067499999997173,-0.558099999999946,12.277999999999226,0.09587966245830268,0.019174187162408856,-0.13421581947833588,14.86015,0,1
743,-7.791152,-5.022949,-28.88754,-0.657310718521612,0.16720390369787333,2.812936683463749,-3.3486000000001064,-0.5580999999999955,12.27850000000012,0.0,0.05752430681648225,-0.172613063022257,14.88015,0,1
744,-7.858125,-5.022949,-28.65314,-0.6592283117707782,0.16835438983420295,2.808335995555492,-3.348650000000069,0.0,11.720000000000292,-0.09587966245831119,0.05752430681648225,-0.230034395412853,14.90015,0,1
745,-7.925097,-5.056436,-28.41873,-0.6607622816503561,0.16873789103074366,2.8037335623179827,-3.348600000000062,-1.674350000000038,11.720500000000273,-0.07669849397889558,0.019175059827035844,-0.2301216618754647,14.92015,0,1
746,-7.99207,-5.089922,-28.162,-0.6603786582807677,0.16873789103074366,2.7998990739513516,-3.348650000000069,-1.674300000000031,12.836500000000324,0.01918116847942116,0.0,-0.19172441833155549,14.94015,0,1
747,-8.047881,-5.112246,-27.88295,-0.6569272696849489,0.16873789103074366,2.796830785126345,-2.7905499999998256,-1.1161999999999364,13.95249999999896,0.17256942979093026,0.0,-0.15341444125031098,14.96015,0,1
748,-8.092529,-5.145732,-27.6039,-0.6523253600462154,0.16912137477399183,2.7941464687367783,-2.2324000000000708,-1.674300000000031,13.952500000000375,0.23009548193667564,0.01917418716240917,-0.1342158194783478,14.98015,0,1
749,-8.126016,-5.190381,-27.24671,-0.647723450407482,0.16950487597053257,2.790310235040894,-1.6743499999999936,-2.2324500000000778,17.85950000000034,0.23009548193667564,0.01917505982703723,-0.1918116847942116,15.00015,0,1
750,-8.126016,-5.212705,-27.06812,-0.6465729293645673,0.16912137477399183,2.78916006306383,0.0,-1.116199999999991,8.92950000000018,0.05752605214573559,-0.01917505982703723,-0.0575085988532077,15.02015,0,1
751,-8.126016,-5.246192,-26.80022,-0.6469563782012304,0.16912137477399183,2.787243691545141,0.0,-1.6743499999998892,13.394999999999142,-0.019172441833152736,0.0,-0.09581857593445228,15.04015,0,1
752,-8.103691,-5.268516,-26.5435,-0.6473398270378937,0.16873789103074366,2.7860917742388245,1.1162500000000424,-1.1162000000000354,12.836000000000165,-0.019172441833165542,-0.01917418716240917,-0.0575958653158194,15.06015,0,1
753,-8.081367,-5.29084,-26.28677,-0.6461894805279041,0.16835438983420295,2.7853255746971985,1.1156421789105568,-1.1156421789106012,12.830084957521805,0.05748858120887662,-0.01916547708849196,-0.03829083166546549,15.08016,0,1
754,-8.059043,-5.313164,-26.0412,-0.6435049896054117,0.1679708886376622,2.784559375155573,1.116199999999892,-1.1161999999999364,12.278499999999207,0.1342245461246137,-0.019175059827035528,-0.038309977081271894,15.10016,0,1
755,-8.036718,-5.335488,-25.78447,-0.6392865288033414,0.1679708886376622,2.7826412583076316,1.1162500000000424,-1.116199999999991,12.836500000000324,0.2109230401035212,0.0,-0.09590584239707249,15.12016,0,1
756,-8.014395,-5.368975,-25.53891,-0.6354515168379342,0.1679708886376622,2.7803409143535025,1.1161500000000284,-1.674350000000038,12.278000000000139,0.1917505982703612,0.0,-0.11501719770645981,15.14016,0,1
757,-7.969746,-5.391299,-25.3045,-0.6335340981216934,0.16835438983420295,2.7780388250701225,2.2324500000000778,-1.1162000000000354,11.720500000000273,0.09587093581204446,0.01917505982703723,-0.1151044641690049,15.16016,0,1
758,-7.925097,-5.402461,-25.09242,-0.6327670259154418,0.16835438983420295,2.7768886530930583,2.2324499999998353,-0.558099999999946,10.603999999999298,0.038353610312577745,0.0,-0.05750859885320259,15.18016,0,1
759,-7.869287,-5.424785,-24.8915,-0.6320001282421155,0.16835438983420295,2.776122453551433,2.7905000000000664,-1.1162000000000354,10.046000000000214,0.03834488366631443,0.0,-0.0383099770812753,15.20016,0,1
760,-7.813477,-5.458272,-24.69059,-0.6296990861562861,0.1679708886376622,2.7749705362451165,2.7905000000000664,-1.674350000000038,10.045500000000233,0.11505210429147118,-0.01917505982703723,-0.0575958653158194,15.22016,0,1
761,-7.746504,-5.480596,-24.48967,-0.6258642487238042,0.16873789103074366,2.7742043367034905,3.348650000000069,-1.1162000000000354,10.046000000000214,0.19174187162410003,0.038350119654073075,-0.038309977081297505,15.24016,0,1
762,-7.679531,-5.491758,-24.31107,-0.6220292367583972,0.16988837716707328,2.7738203642680523,3.3486499999997714,-0.558099999999946,8.929999999999369,0.19175059827033863,0.05752430681647713,-0.019198621771908488,15.26016,0,1
763,-7.612558,-5.50292,-24.1548,-0.6178107759563268,0.1718058482431918,2.7738203642680523,3.348650000000069,-0.5580999999999955,7.813500000000129,0.2109230401035212,0.09587355380592864,0.0,15.28016,0,1
764,-7.545586,-5.514082,-23.98737,-0.6101409265584377,0.17410682051585105,2.7742043367034905,3.348600000000062,-0.5581000000000399,8.371500000000331,0.3834924698944668,0.1150486136329645,0.019198621771910195,15.30016,0,1
765,-7.5121,-5.525244,-23.93156,-0.6059224657563674,0.1744903217123918,2.773438137161865,1.674300000000031,-0.5580999999999955,2.790499999999933,0.21092304010351565,0.01917505982703723,-0.0383099770812753,15.32016,0,1
766,-7.478613,-5.525244,-23.86459,-0.5997864117051309,0.17295633437952143,2.774588309138929,1.674350000000038,0.0,3.348500000000137,0.3068027025618324,-0.07669936664351948,0.0575085988532077,15.34016,0,1
767,-7.456289,-5.525244,-23.81994,-0.5955681254359858,0.16835438983420295,2.779188997047187,1.1161999999999364,0.0,2.2324999999998867,0.2109143134572413,-0.23009722726590853,0.23003439541287699,15.36016,0,1
768,-7.445127,-5.514082,-23.79762,-0.592500011143905,0.16183497421276594,2.7860917742388245,0.5580999999999955,0.5580999999999955,1.1160000000000518,0.15340571460404123,-0.3259707810718576,0.3451388595818801,15.38016,0,1
769,-7.422803,-5.50292,-23.78646,-0.5894320713847494,0.1556990423345771,2.7933785238659006,1.1162000000000354,0.5581000000000399,0.5579999999998483,0.1533969879577856,-0.30679659390944847,0.3643374813538125,15.40016,0,1
770,-7.422803,-5.491758,-23.77529,-0.5844467129093528,0.15109711524255115,2.798364929538848,0.0,0.5580999999999955,0.5585000000001846,0.24926792376983561,-0.23009635460130232,0.24932028364737488,15.42016,0,1
771,-7.422803,-5.469434,-23.75297,-0.5763932401418754,0.1495631279096808,2.800281301057538,0.0,1.1161999999999364,1.1159999999997752,0.40267363837384107,-0.07669936664351266,0.09581857593449669,15.44016,0,1
772,-7.433965,-5.458272,-23.73064,-0.5664223486581569,0.15148059898579935,2.7979809571034098,-0.5580999999999955,0.5580999999999955,1.116500000000033,0.49854457418593795,0.09587355380593003,-0.1150171977064154,15.46016,0,1
773,-7.456289,-5.447109,-23.71948,-0.5568350805440269,0.15723302966744745,2.7906942074763332,-1.1162000000000354,0.5581500000000025,0.5580000000000259,0.47936340570651126,0.2876215340824112,-0.3643374813538347,15.48016,0,1
774,-7.467451,-5.435947,-23.70832,-0.5553011106644491,0.1595340019401067,2.7876259186513273,-0.5580999999999955,0.5581000000000399,0.5580000000000259,0.07669849397889003,0.1150486136329645,-0.1534144412503024,15.50016,0,1
775,-7.467451,-5.447109,-23.71948,-0.5568350805440269,0.16145147301622523,2.78494160226176,0.0,-0.5578210894552733,-0.5577211394302718,-0.0766601638969362,0.09582564098542923,-0.1341487451058077,15.52017,0,1
776,-7.467451,-5.447109,-23.71948,-0.5595195714665193,0.16183497421276594,2.784559375155573,0.0,0.0,0.0,-0.13422454612462562,0.019175059827035844,-0.0191113553093429,15.54017,0,1
777,-7.467451,-5.447109,-23.73064,-0.5610535413460972,0.16183497421276594,2.7841754027201344,0.0,0.0,-0.5580000000000259,-0.07669849397889558,0.0,-0.0191986217719324,15.56017,0,1
778,-7.445127,-5.469434,-23.77529,-0.5783108333910416,0.16106798927297702,2.7853255746971985,1.116199999999892,-1.116249999999899,-2.232499999999709,-0.8628646022471625,-0.038349246989442996,0.05750859885320259,15.58017,0,1
779,-7.389317,-5.480596,-23.89808,-0.6366020378808489,0.15838351580377708,2.7914621523472105,2.7905000000000664,-0.5581000000000399,-6.139500000000228,-2.9145602244904265,-0.13422367346000033,0.3068288825006048,15.60017,0,1
780,-7.400478,-5.413623,-23.9204,-0.6599952094441045,0.15684952847090672,2.7945286958429647,-0.5580499999999885,3.348650000000069,-1.1160000000000518,-1.1696585781628048,-0.07669936664351948,0.1533271747877129,15.62017,0,1
781,-7.445127,-5.279678,-23.87575,-0.6703495497644861,0.15493205739478821,2.795680613149281,-2.2324500000000778,6.697250000000175,2.2325000000000847,-0.5177170160190924,-0.09587355380592726,0.0575958653158194,15.64017,0,1
782,-7.545586,-5.101084,-23.77529,-0.6699661009278229,0.1537815712584586,2.7945286958429647,-5.022949999999653,8.929699999999372,5.022999999999749,0.019172441833158287,-0.05752430681647713,-0.05759586531581429,15.66017,0,1
783,-7.701856,-4.877842,-23.65251,-0.6642136702461748,0.1553155585913289,2.7887778359576436,-7.8135000000001735,11.162100000000235,6.1390000000000695,0.2876215340824112,0.0766993666435167,-0.28754299426606067,15.68017,0,1
784,-8.003232,-4.509492,-23.40694,-0.649640869123723,0.1595340019401067,2.7757384811159937,-15.068800000000337,18.417500000000413,12.278500000000298,0.7286400561226081,0.21092216743889453,-0.6519677420825071,15.70017,0,1
785,-8.315771,-4.196953,-23.17254,-0.6343009957950196,0.16298546034909556,2.7619329267327184,-15.626950000000296,15.62695000000034,11.720000000000114,0.7669936664351836,0.17257292044944675,-0.6902777191637824,15.72017,0,1
786,-8.617148,-3.929063,-22.92697,-0.6216457879217339,0.16375244528888447,2.7515778882806363,-15.068849999999005,13.394499999999072,12.278499999999207,0.6327603936642462,0.038349246989442996,-0.5177519226040689,15.74017,0,1
787,-8.974336,-3.627686,-22.61443,-0.6112912730684272,0.1603009868798956,2.7439089115473734,-17.859400000000328,15.068850000000321,15.627000000000436,0.5177257426653424,-0.17257292044944675,-0.3834488366631554,15.76017,0,1
788,-9.130606,-3.504902,-22.45816,-0.6086069566788599,0.15646604472765852,2.7419907946994315,-7.813500000000218,6.139200000000142,7.813500000000129,0.13421581947837,-0.19174710761185867,-0.0959058423970947,15.78017,0,1
789,-9.331524,-3.359795,-22.2126,-0.6059224657563674,0.14917962671314008,2.7400726778514897,-10.0459000000002,7.255350000000148,12.278000000000317,0.13422454612462562,-0.3643209007259293,-0.0959058423970947,15.80017,0,1
790,-9.510118,-3.248174,-21.95587,-0.6036214236705382,0.14112624121212525,2.738922505874425,-8.929700000000208,5.5810500000001175,12.836500000000147,0.11505210429146563,-0.40266927505075045,-0.057508598853229904,15.82017,0,1
791,-9.655225,-3.192363,-21.68798,-0.6028545259972118,0.1330728382578179,2.737772333897361,-7.255349999999482,2.7905499999998256,13.39449999999916,0.038344883666316575,-0.40267014771533993,-0.05750859885320259,15.84017,0,1
792,-9.766846,-3.181201,-21.43125,-0.6051553935501158,0.12693690637962907,2.736238189484858,-5.581050000000095,0.5580999999999955,12.836500000000324,-0.11504337764520446,-0.30679659390944847,-0.0767072206251401,15.86017,0,1
793,-9.867305,-3.237012,-21.18568,-0.6093738543521862,0.1227184630308513,2.7327859282244136,-5.022950000000145,-2.790550000000051,12.27850000000012,-0.2109230401035212,-0.21092216743889314,-0.1726130630222348,15.88017,0,1
794,-9.967764,-3.348633,-20.95128,-0.6139757639909197,0.12080099195473278,2.727417295445279,-5.022950000000145,-5.5810500000001175,11.720000000000292,-0.2300954819366812,-0.09587355380592795,-0.26843163895674,15.90017,0,1
795,-10.06822,-3.482578,-20.70571,-0.6174273271196636,0.12003398956165134,2.7216646902307056,-5.0227999999996324,-6.697249999999558,12.278499999999207,-0.17257815643718588,-0.038350119654068975,-0.28763026072864684,15.92017,0,1
796,-10.1352,-3.638848,-20.44898,-0.6201118180421561,0.11888350342532172,2.71668002988701,-3.3473263368316766,-7.809595202399099,12.830084957521805,-0.13415746739093268,-0.05749555903696485,-0.24910846295331346,15.94018,0,1
797,-10.17984,-3.806279,-20.19226,-0.6231797578013117,0.11658254860595499,2.7136117410620035,-2.2320000000001037,-8.371550000000184,12.836000000000165,-0.1533969879577856,-0.11504774096833921,-0.1534144412503246,15.96018,0,1
798,-10.20217,-3.996035,-19.96901,-0.6277816674400452,0.11313109019696613,2.7113113971078753,-1.1164999999999339,-9.48779999999936,11.162499999999255,-0.2300954819366552,-0.1725729204494314,-0.11501719770640519,15.98018,0,1
799,-10.19101,-4.196953,-19.7681,-0.6335340981216934,0.10929613059143654,2.709009307824495,0.5580000000000259,-10.0459000000002,10.045500000000233,-0.28762153408241675,-0.19174798027648327,-0.1151044641690271,16.00018,0,1
800,-10.17984,-4.420195,-19.5895,-0.640437049846256,0.10507768724265877,2.706708963870366,0.558500000000007,-11.162100000000235,8.930000000000161,-0.3451475862281413,-0.21092216743889314,-0.1150171977064376,16.02018,0,1
801,-10.1352,-4.6546,-19.4444,-0.6484903480808083,0.10009224150079957,2.7051748194578633,2.2320000000001037,-11.720250000000282,7.255000000000122,-0.40266491172762126,-0.2492722870929655,-0.0767072206251401,16.04018,0,1
802,-10.01241,-5.045273,-19.25464,-0.6634467725728486,0.0912718536067033,2.706708963870366,6.139500000000139,-19.533650000000396,9.488000000000365,-0.7478212246020293,-0.4410193947048228,0.0767072206251401,16.06018,0,1
803,-9.978926,-5.123408,-19.23232,-0.6665147123320041,0.08935438253058477,2.706708963870366,1.674200000000017,-3.906750000000109,1.1159999999998742,-0.15339698795778006,-0.09587355380592864,0.0,16.08018,0,1
804,-9.900791,-5.357812,-19.1765,-0.6761019804461341,0.08666990906138482,2.7063249914349274,3.9067499999993704,-11.72019999999815,2.7909999999995962,-0.4793634057064261,-0.1342236734599765,-0.01919862177192899,16.10018,0,1
805,-9.856143,-5.569892,-19.14302,-0.6822380344973706,0.08705341025792553,2.7036406750453597,2.2324000000000708,-10.604000000000239,1.6740000000000779,-0.3068027025618324,0.019175059827035844,-0.1342158194783922,16.12018,0,1
806,-9.856143,-5.759648,-19.09837,-0.677635950325712,0.08897088133404406,2.69942221424329,0.0,-9.487800000000204,2.2325000000000847,0.23010420858293681,0.09587355380592864,-0.2109230401034879,16.14018,0,1
807,-9.878467,-5.882432,-19.0314,-0.6576943418912004,0.09012136747037368,2.695971698312097,-1.1162000000000798,-6.1392000000000975,3.348499999999959,0.9970804217256036,0.05752430681648225,-0.17252579655964528,16.16018,0,1
808,-9.923115,-5.938242,-18.93094,-0.6266311463971306,0.08897088133404406,2.696737897853722,-2.232399999999982,-2.7905000000000664,5.023000000000196,1.5531597747035217,-0.05752430681648225,0.0383099770812531,16.18018,0,1
809,-9.967764,-5.92708,-18.79699,-0.5898156947543378,0.08398545304547737,2.7063249914349274,-2.232450000000122,0.5580999999999955,6.697500000000077,1.8407725821396774,-0.24927141442833953,0.4793546790602723,16.20018,0,1
810,-9.978926,-5.904756,-18.75234,-0.5737087492193829,0.07900000730361817,2.7143796859328813,-0.5580999999999511,1.1162000000000354,2.2325000000000847,0.8053472767477649,-0.2492722870929655,0.4027347248976995,16.22018,0,1
811,-9.978926,-5.882432,-18.73002,-0.5625875112256751,0.07554854889462931,2.7201322911474546,0.0,1.1162000000000354,1.1160000000000518,0.5560618996854013,-0.17257292044944675,0.28763026072867237,16.24018,0,1
812,-9.990088,-5.860107,-18.7077,-0.5526166197419566,0.0747815639548404,2.7208984906890796,-0.5581000000000399,1.116249999999998,1.1160000000000518,0.4985445741859324,-0.0383492469894464,0.0383099770812531,16.26018,0,1
813,-10.01241,-5.837783,-18.69653,-0.5411117583786603,0.07784952116728855,2.7170640023224486,-1.1160999999997787,1.116199999999837,0.5584999999999078,0.5752430681647258,0.15339786062238364,-0.19172441833152143,16.28018,0,1
814,-10.0459,-5.815459,-18.67421,-0.5273058549295347,0.08283496690914775,2.7113113971078753,-1.674500000000059,1.1162000000000354,1.1160000000000518,0.6902951724562937,0.2492722870929655,-0.28763026072867237,16.30018,0,1
815,-10.06822,-5.793135,-18.65188,-0.514650472523324,0.08628642531813663,2.70785913584743,-1.1160000000000518,1.116199999999991,1.116500000000033,0.6327691203105524,0.17257292044944744,-0.172613063022257,16.32018,0,1
816,-10.07938,-5.781973,-18.62956,-0.505446653245857,0.08705341025792553,2.708627080718308,-0.5580000000000259,0.5581000000000399,1.1159999999998742,0.46019096387335684,0.03834924698944571,0.038397243543887,16.34018,0,1
817,-10.07938,-5.770811,-18.60724,-0.4985437015212943,0.0855194229250552,2.7124615690849394,0.0,0.5580999999999955,1.1160000000000518,0.34514758622814407,-0.07669936664351809,0.1917244183315777,16.36018,0,1
818,-10.07938,-5.759648,-18.58491,-0.4927912708396462,0.08398545304547737,2.7174462294286355,0.0,0.5581500000000025,1.116500000000033,0.2876215340824112,-0.0766984939788928,0.2492330171848076,16.38018,0,1
819,-10.07938,-5.748487,-18.56259,-0.4874224635275864,0.08321845065239596,2.7216646902307056,0.0,0.5580500000000329,1.1160000000000518,0.2684403656029956,-0.03835011965407169,0.2109230401035101,16.40018,0,1
